35
20
m 0 19
0 34 0
1 34 0
2 34 0
w 0 5
w 0 6
w 0 7
w 0 8
w 1 1
w 1 2
w 1 3
w 1 10
w 1 11
w 1 12
w 1 13
w 1 15
w 1 17
w 1 18
w 2 1
w 2 5
w 2 6
w 2 7
w 2 8
w 2 13
w 2 15
w 2 17
w 2 18
w 3 1
w 3 3
w 3 4
w 3 5
w 3 6
w 3 7
w 3 8
w 3 9
w 3 10
w 3 11
w 3 13
w 3 17
w 3 18
w 4 3
w 4 4
w 4 5
w 4 6
w 4 7
w 4 8
w 4 9
w 4 10
w 4 11
w 4 15
w 5 1
w 5 2
w 5 3
w 5 4
w 5 5
w 5 6
w 5 7
w 5 8
w 5 9
w 5 10
w 5 11
w 5 12
w 5 14
w 5 15
w 5 16
w 5 18
w 6 3
w 6 4
w 6 5
w 6 6
w 6 7
w 6 8
w 6 9
w 6 10
w 6 11
w 6 12
w 6 14
w 6 15
w 6 16
w 6 18
w 7 1
w 7 3
w 7 4
w 7 5
w 7 6
w 7 7
w 7 8
w 7 9
w 7 14
w 7 15
w 7 16
w 8 3
w 8 4
w 8 5
w 8 6
w 8 7
w 8 8
w 8 9
w 8 11
w 8 12
w 8 13
w 8 14
w 8 15
w 8 16
w 8 18
w 9 0
w 9 2
w 9 3
w 9 4
w 9 5
w 9 6
w 9 7
w 9 8
w 9 9
w 9 11
w 9 12
w 9 13
w 9 14
w 9 15
w 9 16
w 10 0
w 10 2
w 10 3
w 10 4
w 10 5
w 10 6
w 10 7
w 10 8
w 10 9
w 10 11
w 10 12
w 10 13
w 10 14
w 10 15
w 10 16
w 10 17
w 10 18
w 11 0
w 11 2
w 11 3
w 11 4
w 11 5
w 11 6
w 11 7
w 11 8
w 11 9
w 11 11
w 11 12
w 11 13
w 11 14
w 11 15
w 11 16
w 11 17
w 11 18
w 12 2
w 12 3
w 12 4
w 12 5
w 12 11
w 12 12
w 12 13
w 12 14
w 12 15
w 12 16
w 12 17
w 12 18
w 13 1
w 13 2
w 13 3
w 13 4
w 13 5
w 13 7
w 13 8
w 13 9
w 14 1
w 14 2
w 14 3
w 14 4
w 14 5
w 14 7
w 14 8
w 14 9
w 14 11
w 14 13
w 14 14
w 14 15
w 14 16
w 14 17
w 14 18
w 15 7
w 15 8
w 15 9
w 15 11
w 16 1
w 16 2
w 16 3
w 16 4
w 16 13
w 16 14
w 16 15
w 16 17
w 16 18
w 16 19
w 17 1
w 17 2
w 17 3
w 17 4
w 17 6
w 17 7
w 17 8
w 17 9
w 17 10
w 17 11
w 17 13
w 17 14
w 17 15
w 17 17
w 17 18
w 17 19
w 18 1
w 18 2
w 18 3
w 18 4
w 18 13
w 18 14
w 18 15
w 18 17
w 18 18
w 18 19
w 19 7
w 19 8
w 19 9
w 19 11
w 20 1
w 20 2
w 20 3
w 20 4
w 20 5
w 20 7
w 20 8
w 20 9
w 20 11
w 20 13
w 20 14
w 20 15
w 20 16
w 20 17
w 20 18
w 21 1
w 21 2
w 21 3
w 21 4
w 21 5
w 21 7
w 21 8
w 21 9
w 22 2
w 22 3
w 22 4
w 22 5
w 22 11
w 22 12
w 22 13
w 22 14
w 22 15
w 22 16
w 22 17
w 22 18
w 23 0
w 23 2
w 23 3
w 23 4
w 23 5
w 23 6
w 23 7
w 23 8
w 23 9
w 23 11
w 23 12
w 23 13
w 23 14
w 23 15
w 23 16
w 23 17
w 23 18
w 24 0
w 24 2
w 24 3
w 24 4
w 24 5
w 24 6
w 24 7
w 24 8
w 24 9
w 24 11
w 24 12
w 24 13
w 24 14
w 24 15
w 24 16
w 24 17
w 24 18
w 25 0
w 25 2
w 25 3
w 25 4
w 25 5
w 25 6
w 25 7
w 25 8
w 25 9
w 25 11
w 25 12
w 25 13
w 25 14
w 25 15
w 25 16
w 26 3
w 26 4
w 26 5
w 26 6
w 26 7
w 26 8
w 26 9
w 26 11
w 26 12
w 26 13
w 26 14
w 26 15
w 26 16
w 26 18
w 27 1
w 27 3
w 27 4
w 27 5
w 27 6
w 27 7
w 27 8
w 27 9
w 27 14
w 27 15
w 27 16
w 28 3
w 28 4
w 28 5
w 28 6
w 28 7
w 28 8
w 28 9
w 28 10
w 28 11
w 28 12
w 28 14
w 28 15
w 28 16
w 28 18
w 29 1
w 29 2
w 29 3
w 29 4
w 29 5
w 29 6
w 29 7
w 29 8
w 29 9
w 29 10
w 29 11
w 29 12
w 29 14
w 29 15
w 29 16
w 29 18
w 30 3
w 30 4
w 30 5
w 30 6
w 30 7
w 30 8
w 30 9
w 30 10
w 30 11
w 30 15
w 31 1
w 31 3
w 31 4
w 31 5
w 31 6
w 31 7
w 31 8
w 31 9
w 31 10
w 31 11
w 31 13
w 31 17
w 31 18
w 32 1
w 32 5
w 32 6
w 32 7
w 32 8
w 32 13
w 32 15
w 32 17
w 32 18
w 33 1
w 33 2
w 33 3
w 33 10
w 33 11
w 33 12
w 33 13
w 33 15
w 33 17
w 33 18
w 34 5
w 34 6
w 34 7
w 34 8
p 0 0
p 21 13
p 17 0
p 34 16
p 1 8
p 19 6
p 24 19
p 30 19
p 6 13
p 15 6
p 27 19
p 9 17
p 3 15
p 13 11
p 33 4
t 1400 0
m 0 18
0 34 1
1 34 1
2 34 1
t 1399 0
m 0 19
0 34 0
1 34 2
2 34 0
t 1398 0
m 0 18
0 34 1
1 34 1
2 34 1
t 1397 0
m 0 18
0 34 0
1 34 0
2 34 2
t 1396 0
m 0 19
0 34 1
1 33 0
2 34 3
t 1395 0
m 0 18
0 34 0
1 32 0
2 34 4
t 1394 0
m 0 18
0 34 1
1 31 0
2 34 3
t 1393 0
m 0 19
0 34 2
1 32 0
2 34 2
t 1392 0
m 0 19
0 34 1
1 33 0
2 34 3
t 1391 0
m 0 19
0 34 0
1 34 0
2 34 4
t 1390 0
m 0 18
0 33 0
1 34 1
2 33 4
t 1389 0
m 0 17
0 34 0
1 34 2
2 32 4
t 1388 0
m 0 18
0 34 1
1 34 3
2 32 3
t 1387 0
m 0 19
0 34 0
1 34 2
2 32 2
t 1386 0
m 0 18
0 34 1
1 34 3
2 31 2
t 1385 0
m 0 18
0 34 0
1 34 2
2 30 2
t 1384 0
m 0 19
0 34 1
1 34 3
2 31 2
t 1383 0
m 0 18
0 34 0
1 34 4
2 30 2
f 2 11
t 1382 0
m 0 17
0 33 0
1 34 3
2 30 1
t 1381 0
m 0 16
0 34 0
1 34 4
2 30 2
t 1380 0
m 0 15
0 33 0
1 33 4
2 31 2
t 1379 0
m 0 16
0 34 0
1 33 5
2 30 2
t 1378 0
m 1 16
0 34 1
1 33 6
2 31 2
t 1377 0
m 2 16
0 34 0
1 33 5
2 30 2
t 1376 0
m 2 16
0 33 0
1 33 6
2 31 2
t 1375 0
m 1 16
0 34 0
1 33 7
2 32 2
t 1374 0
m 1 16
0 34 1
1 33 8
2 31 2
t 1373 0
m 0 16
0 34 0
1 33 9
2 32 2
t 1372 0
m 0 16
0 33 0
1 34 9
2 31 2
t 1371 0
m 1 16
0 32 0
1 33 9
2 32 2
t 1370 0
m 2 16
0 33 0
1 32 9
2 32 3
t 1369 0
m 2 16
0 32 0
1 32 10
2 32 2
t 1368 0
m 2 16
0 31 0
1 32 9
2 32 3
t 1367 0
m 1 16
0 32 0
1 32 10
2 32 4
t 1366 0
m 0 16
0 33 0
1 32 11
2 33 4
t 1365 0
m 0 16
0 32 0
1 32 12
2 33 5
t 1364 0
m 0 15
0 31 0
1 31 12
2 33 6
t 1363 0
m 0 16
0 32 0
1 32 12
2 33 7
t 1362 0
m 0 16
0 33 0
1 31 12
2 33 6
t 1361 0
m 0 15
0 34 0
1 30 12
2 33 7
t 1360 0
m 0 15
0 33 0
1 30 13
2 33 6
t 1359 0
m 0 14
0 34 0
1 30 12
2 33 5
t 1358 0
m 0 15
0 33 0
1 30 13
2 33 4
t 1357 0
m 0 14
0 34 0
1 30 12
2 34 4
t 1356 0
m 0 13
0 34 1
1 31 12
2 33 4
t 1355 0
m 0 12
0 34 0
1 32 12
2 33 5
t 1354 0
m 0 12
0 34 1
1 31 12
2 33 4
t 1353 0
m 0 12
0 34 0
1 30 12
2 33 5
t 1352 0
m 0 12
0 33 0
1 30 13
2 33 6
t 1351 0
m 0 11
0 32 0
1 30 14
2 33 7
t 1350 0
m 0 12
0 33 0
1 31 14
2 33 6
t 1349 0
m 0 11
0 34 0
1 30 14
2 33 5
t 1348 0
m 0 10
0 33 0
1 31 14
2 33 6
t 1347 0
m 0 9
0 34 0
1 32 14
2 33 5
t 1346 0
m 1 9
0 34 1
1 31 14
2 33 6
t 1345 0
m 1 9
0 34 0
1 32 14
2 33 7
t 1344 0
m 1 8
0 33 0
1 33 14
2 33 6
t 1343 6
m 1 8
0 34 0
1 34 14
2 33 5
t 1342 6
m 1 9
0 33 0
1 33 14
2 33 6
t 1341 6
m 0 9
0 32 0
1 34 14
2 33 7
t 1340 6
m 0 9
0 33 0
1 34 13
2 33 6
t 1339 6
m 1 9
0 32 0
1 34 12
2 33 7
t 1338 6
m 1 9
0 31 0
1 34 11
2 33 6
t 1337 6
m 1 9
0 30 0
1 34 10
2 33 5
t 1336 6
m 0 9
0 29 0
1 34 11
2 33 6
t 1335 6
m 1 9
0 28 0
1 34 12
2 33 7
t 1334 6
m 2 9
0 27 0
1 34 13
2 33 6
t 1333 6
m 2 10
0 26 0
1 34 12
2 33 7
t 1332 6
m 2 11
0 27 0
1 34 13
2 33 6
t 1331 16
m 2 12
0 26 0
1 34 14
2 33 5
t 1330 16
m 2 12
0 27 0
1 34 13
2 33 4
t 1329 16
m 3 12
0 28 0
1 34 14
2 34 4
f 15 1
t 1328 16
m 2 12
0 27 0
1 34 15
2 33 4
t 1327 16
m 3 12
0 28 0
1 34 14
2 33 5
t 1326 16
m 4 12
0 28 1
1 34 13
2 33 4
t 1325 16
m 3 12
0 28 0
1 34 12
2 32 4
t 1324 16
m 4 12
0 28 1
1 34 11
2 33 4
t 1323 16
m 4 13
0 28 2
1 34 10
2 32 4
t 1322 16
m 4 13
0 27 2
1 34 11
2 33 4
t 1321 16
m 4 14
0 26 2
1 34 12
2 32 4
t 1320 16
m 3 14
0 27 2
1 34 11
2 32 3
t 1319 16
m 2 14
0 26 2
1 34 12
2 32 2
t 1318 16
m 2 14
0 27 2
1 34 13
2 31 2
t 1317 16
m 3 14
0 28 2
1 34 12
2 32 2
t 1316 16
m 3 15
0 27 2
1 34 11
2 31 2
t 1315 23
m 3 15
0 26 2
1 34 10
2 32 2
t 1314 23
m 3 14
0 27 2
1 34 11
2 32 3
t 1313 23
m 3 15
0 28 2
1 34 12
2 32 2
t 1312 23
m 3 16
0 27 2
1 34 13
2 31 2
t 1311 23
m 2 16
0 28 2
1 34 14
2 30 2
t 1310 23
m 3 16
0 28 1
1 34 15
2 30 1
t 1309 23
m 3 16
0 28 0
1 34 14
2 30 2
t 1308 23
m 4 16
0 29 0
1 33 14
2 30 1
t 1307 23
m 4 17
0 28 0
1 34 14
2 30 0
t 1306 23
m 5 17
0 27 0
1 34 15
2 30 1
t 1305 23
m 4 17
0 26 0
1 34 16
2 30 2
t 1304 23
m 4 17
0 27 0
1 34 17
2 31 2
t 1303 23
m 4 16
0 26 0
1 34 16
2 32 2
t 1302 23
m 4 16
0 26 1
1 34 15
2 31 2
t 1301 23
m 4 17
0 26 2
1 34 16
2 32 2
t 1300 23
m 4 18
0 27 2
1 34 17
2 32 3
t 1299 23
m 4 18
0 26 2
1 34 16
2 32 4
t 1298 23
m 4 19
0 27 2
1 34 17
2 32 3
t 1297 23
m 5 19
0 28 2
1 34 18
2 32 2
t 1296 23
m 5 19
0 27 2
1 34 19
2 32 3
t 1295 23
m 6 19
0 26 2
1 34 18
2 32 4
t 1294 23
m 5 19
0 27 2
1 34 19
2 33 4
t 1293 23
m 6 19
0 26 2
1 33 19
2 33 5
t 1292 23
m 7 19
0 26 1
1 34 19
2 33 6
t 1291 23
m 8 19
0 25 1
1 33 19
2 33 7
t 1290 23
m 7 19
0 24 1
1 32 19
2 33 8
t 1289 23
m 6 19
0 25 1
1 31 19
2 33 9
t 1288 23
m 7 19
0 24 1
1 30 19
2 32 9
t 1287 23
m 7 19
0 23 1
1 29 19
2 33 9
t 1286 23
m 8 19
0 24 1
1 30 19
2 34 9
t 1285 23
m 7 19
0 25 1
1 31 19
2 34 10
t 1284 23
m 6 19
0 26 1
1 32 19
2 34 11
t 1283 23
m 7 19
0 25 1
1 31 19
2 34 10
t 1282 23
m 8 19
0 26 1
1 32 19
2 34 11
t 1281 23
m 9 19
0 26 0
1 31 19
2 34 12
t 1280 23
m 8 19
0 27 0
1 30 19
2 34 13
t 1279 23
m 8 19
0 28 0
1 30 18
2 34 12
t 1278 23
m 9 19
0 29 0
1 30 17
2 34 11
t 1277 23
m 9 18
0 28 0
1 30 18
2 34 10
t 1276 23
m 9 18
0 29 0
1 30 19
2 34 11
t 1275 23
m 9 17
0 30 0
1 30 18
2 34 12
t 1274 30
m 9 17
0 29 0
1 30 17
2 34 13
t 1273 30
m 9 17
0 28 0
1 30 18
2 34 12
t 1272 30
m 9 17
0 28 1
1 30 17
2 34 11
t 1271 30
m 8 17
0 28 0
1 30 16
2 34 12
t 1270 30
m 7 17
0 27 0
1 31 16
2 34 13
t 1269 30
m 6 17
0 28 0
1 31 15
2 34 14
t 1268 30
m 6 17
0 27 0
1 31 14
2 34 15
t 1267 30
m 6 17
0 28 0
1 32 14
2 34 16
t 1266 30
m 6 17
0 28 1
1 31 14
2 34 17
t 1265 30
m 7 17
0 28 2
1 30 14
2 34 16
t 1264 30
m 6 17
0 28 1
1 31 14
2 34 17
t 1263 30
m 6 17
0 28 0
1 32 14
2 34 16
t 1262 30
m 7 17
0 28 1
1 33 14
2 34 15
t 1261 30
m 7 17
0 28 2
1 34 14
2 34 16
t 1260 30
m 7 18
0 28 1
1 34 13
2 33 16
t 1259 30
m 7 17
0 28 2
1 34 14
2 34 16
t 1258 30
m 7 17
0 28 1
1 33 14
2 33 16
t 1257 30
m 7 17
0 28 0
1 32 14
2 34 16
t 1256 30
m 7 18
0 27 0
1 33 14
2 34 15
t 1255 30
m 7 17
0 28 0
1 32 14
2 34 14
t 1254 30
m 7 17
0 29 0
1 33 14
2 34 15
t 1253 30
m 8 17
0 30 0
1 34 14
2 34 14
t 1252 30
m 7 17
0 31 0
1 34 13
2 34 15
t 1251 30
m 6 17
0 30 0
1 34 14
2 34 16
t 1250 30
m 7 17
0 30 1
1 34 15
2 34 15
t 1249 30
m 7 17
0 30 0
1 34 16
2 34 14
t 1248 30
m 6 17
0 29 0
1 33 16
2 34 13
t 1247 30
m 6 17
0 30 0
1 32 16
2 34 14
t 1246 30
m 6 17
0 31 0
1 31 16
2 33 14
t 1245 30
m 5 17
0 30 0
1 31 15
2 34 14
t 1244 30
m 5 17
0 29 0
1 31 16
2 34 15
t 1243 30
m 5 17
0 30 0
1 31 15
2 34 16
t 1242 30
m 6 17
0 29 0
1 31 16
2 33 16
t 1241 30
m 5 17
0 30 0
1 31 15
2 32 16
t 1240 30
m 6 17
0 31 0
1 31 16
2 31 16
t 1239 30
m 6 17
0 32 0
1 32 16
2 31 15
t 1238 30
m 6 17
0 33 0
1 33 16
2 31 14
t 1237 30
m 7 17
0 34 0
1 32 16
2 30 14
t 1236 30
m 8 17
0 34 1
1 33 16
2 30 13
t 1235 30
m 7 17
0 34 2
1 32 16
2 30 12
t 1234 30
m 8 17
0 34 1
1 33 16
2 31 12
t 1233 30
m 7 17
0 34 2
1 34 16
2 30 12
t 1232 30
m 6 17
0 34 3
1 34 17
2 31 12
t 1231 30
m 6 17
0 34 4
1 34 16
2 32 12
t 1230 30
m 7 17
0 33 4
1 33 16
2 32 11
t 1229 30
m 7 17
0 34 4
1 32 16
2 32 12
t 1228 30
m 7 17
0 33 4
1 33 16
2 32 11
t 1227 30
m 7 17
0 33 5
1 32 16
2 32 12
t 1226 30
m 7 18
0 33 6
1 33 16
2 32 11
t 1225 30
m 7 17
0 33 5
1 34 16
2 32 10
t 1224 30
m 7 17
0 33 6
1 34 17
2 32 11
t 1223 30
m 7 17
0 33 5
1 34 18
2 32 10
t 1222 30
m 7 17
0 33 4
1 34 19
2 32 9
t 1221 30
m 7 17
0 32 4
1 34 18
2 32 10
t 1220 30
m 8 17
0 32 3
1 34 19
2 32 9
t 1219 30
m 7 17
0 32 2
1 33 19
2 32 10
t 1218 30
m 6 17
0 31 2
1 34 19
2 32 11
t 1217 30
m 7 17
0 32 2
1 34 18
2 32 10
t 1216 30
m 7 18
0 31 2
1 34 17
2 32 11
t 1215 30
m 7 17
0 30 2
1 34 18
2 32 10
t 1214 30
m 7 17
0 30 1
1 34 17
2 32 9
t 1213 30
m 6 17
0 30 0
1 34 16
2 32 10
t 1212 30
m 5 17
0 31 0
1 34 15
2 32 11
t 1211 30
m 4 17
0 32 0
1 34 14
2 32 12
t 1210 30
m 4 17
0 31 0
1 34 13
2 32 11
t 1209 30
m 4 18
0 30 0
1 34 12
2 32 10
t 1208 30
m 4 19
0 30 1
1 34 11
2 32 9
t 1207 30
m 5 19
0 30 2
1 34 10
2 32 10
t 1206 30
m 6 19
0 30 1
1 34 9
2 32 11
t 1205 30
m 6 19
0 30 2
1 34 10
2 32 10
t 1204 30
m 5 19
0 31 2
1 34 11
2 32 9
t 1203 30
m 5 19
0 30 2
1 34 12
2 32 10
t 1202 30
m 5 19
0 31 2
1 34 13
2 32 9
t 1201 30
m 6 19
0 30 2
1 34 14
2 33 9
t 1200 30
m 5 19
0 30 1
1 34 13
2 33 8
t 1199 30
m 4 19
0 30 0
1 34 12
2 33 7
t 1198 30
m 4 18
0 31 0
1 34 13
2 33 8
t 1197 30
m 4 19
0 30 0
1 34 12
2 33 7
t 1196 30
m 5 19
0 29 0
1 34 11
2 33 6
t 1195 30
m 4 19
0 28 0
1 34 12
2 33 5
t 1194 30
m 4 18
0 29 0
1 34 11
2 33 4
t 1193 30
m 4 17
0 30 0
1 34 10
2 32 4
t 1192 30
m 4 17
0 30 1
1 34 11
2 32 3
t 1191 30
m 4 16
0 30 0
1 34 12
2 32 4
t 1190 30
m 4 17
0 30 1
1 34 13
2 32 3
t 1189 30
m 4 17
0 30 0
1 34 12
2 32 4
t 1188 30
m 4 18
0 30 1
1 34 11
2 33 4
t 1187 30
m 4 18
0 30 0
1 34 10
2 33 5
t 1186 30
m 4 19
0 31 0
1 34 11
2 33 6
t 1185 30
m 4 19
0 32 0
1 34 12
2 33 7
t 1184 30
m 3 19
0 33 0
1 34 11
2 33 6
t 1183 30
m 3 19
0 34 0
1 34 10
2 33 7
t 1182 30
m 4 19
0 34 1
1 34 11
2 33 8
t 1181 30
m 3 19
0 34 0
1 34 12
2 33 7
t 1180 30
m 3 19
0 33 0
1 34 13
2 33 6
t 1179 30
m 3 19
0 34 0
1 34 12
2 33 5
t 1178 30
m 3 19
0 33 0
1 34 11
2 33 4
t 1177 30
m 3 19
0 34 0
1 34 12
2 32 4
t 1176 30
m 3 19
0 34 1
1 34 13
2 32 3
t 1175 30
m 4 19
0 34 0
1 34 12
2 32 4
t 1174 30
m 4 19
0 34 1
1 34 13
2 32 3
t 1173 30
m 4 18
0 34 2
1 34 14
2 32 4
t 1172 30
m 4 18
0 34 3
1 34 15
2 33 4
t 1171 30
m 4 19
0 34 4
1 34 16
2 32 4
t 1170 30
m 4 18
0 34 3
1 34 17
2 32 3
t 1169 30
m 4 19
0 34 4
1 34 18
2 32 4
t 1168 30
m 5 19
0 34 3
1 34 19
2 32 3
t 1167 30
m 4 19
0 34 4
1 33 19
2 32 4
t 1166 30
m 4 19
0 34 3
1 34 19
2 33 4
t 1165 30
m 4 18
0 34 4
1 33 19
2 34 4
t 1164 30
m 4 19
0 33 4
1 32 19
2 34 3
t 1163 30
m 5 19
0 34 4
1 31 19
2 34 4
t 1162 30
m 6 19
0 34 3
1 32 19
2 33 4
t 1161 30
m 6 19
0 34 2
1 33 19
2 34 4
t 1160 30
m 6 19
0 34 1
1 32 19
2 34 3
t 1159 30
m 7 19
0 34 0
1 31 19
2 34 2
t 1158 30
m 7 18
0 33 0
1 32 19
2 34 3
t 1157 30
m 7 19
0 34 0
1 33 19
2 34 4
t 1156 30
m 6 19
0 33 0
1 32 19
2 34 3
t 1155 30
m 5 19
0 32 0
1 31 19
2 34 4
t 1154 30
m 5 19
0 31 0
1 32 19
2 33 4
t 1153 30
m 4 19
0 32 0
1 33 19
2 34 4
t 1152 30
m 5 19
0 33 0
1 32 19
2 34 3
t 1151 30
m 5 19
0 32 0
1 33 19
2 34 4
t 1150 30
m 6 19
0 31 0
1 34 19
2 34 3
t 1149 30
m 5 19
0 30 0
1 34 18
2 34 2
t 1148 30
m 6 19
0 29 0
1 34 19
2 34 3
t 1147 30
m 6 19
0 30 0
1 34 18
2 34 2
t 1146 30
m 7 19
0 29 0
1 34 17
2 34 1
t 1145 30
m 8 19
0 30 0
1 34 16
2 34 0
t 1144 30
m 9 19
0 31 0
1 34 15
2 34 1
t 1143 30
m 9 19
0 32 0
1 34 14
2 34 2
t 1142 30
m 10 19
0 31 0
1 34 13
2 34 1
t 1141 30
m 9 19
0 32 0
1 34 12
2 34 2
t 1140 30
m 10 19
0 33 0
1 34 13
2 34 3
t 1139 30
m 10 19
0 32 0
1 34 12
2 34 4
t 1138 30
m 11 19
0 33 0
1 34 11
2 33 4
t 1137 30
m 10 19
0 34 0
1 34 12
2 32 4
t 1136 30
m 11 19
0 33 0
1 34 13
2 33 4
t 1135 30
m 11 19
0 34 0
1 34 14
2 34 4
t 1134 30
m 10 19
0 33 0
1 34 15
2 34 3
t 1133 30
m 11 19
0 32 0
1 34 16
2 34 2
t 1132 30
m 11 19
0 33 0
1 34 17
2 34 1
t 1131 30
m 10 19
0 34 0
1 34 18
2 34 0
t 1130 30
m 11 19
0 34 1
1 34 19
2 33 0
t 1129 30
m 12 19
0 34 2
1 33 19
2 32 0
t 1128 30
m 13 19
0 34 1
1 34 19
2 33 0
t 1127 30
m 14 19
0 34 0
1 33 19
2 34 0
t 1126 30
m 13 19
0 33 0
1 34 19
2 33 0
t 1125 30
m 13 19
0 34 0
1 34 18
2 34 0
t 1124 30
m 13 18
0 34 1
1 34 19
2 33 0
t 1123 30
m 13 19
0 34 0
1 33 19
2 32 0
t 1122 30
m 12 19
0 34 1
1 34 19
2 31 0
t 1121 30
m 11 19
0 34 0
1 34 18
2 32 0
t 1120 30
m 12 19
0 33 0
1 34 17
2 33 0
t 1119 30
m 13 19
0 34 0
1 34 18
2 32 0
t 1118 30
m 14 19
0 33 0
1 34 17
2 33 0
t 1117 30
m 13 19
0 34 0
1 34 16
2 32 0
t 1116 30
m 14 19
0 33 0
1 34 17
2 31 0
t 1115 30
m 15 19
0 34 0
1 34 16
2 30 0
t 1114 30
m 14 19
0 33 0
1 33 16
2 30 1
t 1113 30
m 14 19
0 32 0
1 32 16
2 30 2
t 1112 30
m 13 19
0 33 0
1 31 16
2 31 2
t 1111 30
m 13 19
0 34 0
1 31 15
2 32 2
t 1110 30
m 14 19
0 34 1
1 31 16
2 31 2
t 1109 30
m 15 19
0 34 2
1 32 16
2 32 2
t 1108 30
m 15 18
0 34 1
1 33 16
2 32 3
t 1107 30
m 15 18
0 34 0
1 32 16
2 32 4
t 1106 30
m 15 19
0 33 0
1 31 16
2 33 4
t 1105 30
m 15 18
0 34 0
1 32 16
2 34 4
t 1104 30
m 15 19
0 33 0
1 33 16
2 34 3
t 1103 30
m 15 19
0 32 0
1 34 16
2 34 2
t 1102 30
m 14 19
0 33 0
1 33 16
2 34 3
t 1101 30
m 13 19
0 32 0
1 34 16
2 34 2
t 1100 30
m 13 18
0 33 0
1 34 17
2 34 3
t 1099 30
m 13 19
0 34 0
1 34 18
2 34 2
t 1098 30
m 13 19
0 34 1
1 34 17
2 34 3
t 1097 30
m 13 18
0 34 0
1 34 18
2 34 4
t 1096 30
m 13 19
0 33 0
1 34 19
2 34 3
t 1095 30
m 13 18
0 34 0
1 33 19
2 34 2
t 1094 30
m 13 17
0 33 0
1 34 19
2 34 1
t 1093 30
m 13 16
0 34 0
1 33 19
2 34 2
t 1092 30
m 13 16
0 33 0
1 34 19
2 34 1
t 1091 30
m 13 15
0 34 0
1 33 19
2 34 0
t 1090 30
m 13 16
0 34 1
1 32 19
2 33 0
t 1089 30
m 13 15
0 34 0
1 31 19
2 34 0
t 1088 30
m 13 16
0 34 1
1 30 19
2 33 0
t 1087 30
m 13 15
0 34 0
1 29 19
2 32 0
t 1086 30
m 13 14
0 34 1
1 30 19
2 33 0
t 1085 30
m 13 13
0 34 2
1 29 19
2 32 0
t 1084 30
m 13 13
0 34 3
1 30 19
2 31 0
t 1083 30
m 13 13
0 34 4
1 31 19
2 30 0
t 1082 30
m 13 12
0 34 3
1 30 19
2 29 0
t 1081 30
m 13 11
0 34 4
1 29 19
2 28 0
t 1080 36
m 13 10
0 34 3
1 30 19
2 28 1
t 1079 36
m 13 11
0 34 4
1 29 19
2 28 2
t 1078 36
m 13 12
0 34 3
1 30 19
2 27 2
t 1077 36
m 13 13
0 34 2
1 29 19
2 26 2
t 1076 36
m 13 12
0 34 3
1 28 19
2 26 1
t 1075 36
m 13 11
0 34 2
1 29 19
2 26 0
t 1074 36
m 13 11
0 34 1
1 30 19
2 27 0
t 1073 36
m 13 12
0 34 0
1 31 19
2 28 0
t 1072 36
m 13 12
0 33 0
1 30 19
2 29 0
t 1071 36
m 13 12
0 34 0
1 30 18
2 30 0
t 1070 36
m 13 13
0 33 0
1 30 19
2 29 0
t 1069 36
m 13 12
0 32 0
1 29 19
2 30 0
t 1068 36
m 14 12
0 31 0
1 30 19
2 31 0
t 1067 36
m 13 12
0 30 0
1 30 18
2 30 0
t 1066 36
m 14 12
0 31 0
1 30 17
2 31 0
t 1065 36
m 15 12
0 32 0
1 29 17
2 30 0
t 1064 36
m 15 12
0 33 0
1 28 17
2 30 1
t 1063 36
m 14 12
0 34 0
1 29 17
2 30 0
t 1062 36
m 15 12
0 34 1
1 28 17
2 29 0
t 1061 36
m 15 13
0 34 0
1 29 17
2 30 0
t 1060 36
m 15 14
0 33 0
1 28 17
2 30 1
t 1059 36
m 15 15
0 32 0
1 27 17
2 30 0
t 1058 36
m 15 14
0 33 0
1 28 17
2 30 1
t 1057 36
m 15 13
0 34 0
1 27 17
2 30 2
t 1056 36
m 15 13
0 33 0
1 28 17
2 30 1
t 1055 36
m 15 12
0 32 0
1 27 17
2 30 2
t 1054 36
m 14 12
0 31 0
1 27 18
2 30 1
t 1053 36
m 13 12
0 30 0
1 27 19
2 30 0
t 1052 36
m 14 12
0 29 0
1 28 19
2 29 0
t 1051 36
m 14 12
0 28 0
1 29 19
2 30 0
t 1050 36
m 14 12
0 28 1
1 30 19
2 30 1
t 1049 36
m 15 12
0 28 0
1 31 19
2 30 2
t 1048 36
m 15 12
0 27 0
1 30 19
2 30 1
t 1047 36
m 16 12
0 28 0
1 29 19
2 30 2
t 1046 36
m 16 11
0 27 0
1 28 19
2 30 1
t 1045 36
m 16 11
0 28 0
1 29 19
2 30 2
t 1044 36
m 16 10
0 29 0
1 30 19
2 31 2
t 1043 36
m 16 10
0 30 0
1 30 18
2 30 2
t 1042 36
m 16 10
0 29 0
1 30 17
2 30 1
t 1041 36
m 16 9
0 28 0
1 30 18
2 30 2
t 1040 36
m 16 10
0 29 0
1 30 17
2 30 1
t 1039 36
m 16 9
0 28 0
1 29 17
2 30 0
t 1038 36
m 16 10
0 27 0
1 28 17
2 31 0
t 1037 36
m 15 10
0 28 0
1 27 17
2 32 0
t 1036 36
m 15 10
0 29 0
1 26 17
2 31 0
t 1035 36
m 14 10
0 28 0
1 25 17
2 30 0
t 1034 36
m 15 10
0 27 0
1 26 17
2 31 0
t 1033 36
m 15 10
0 28 0
1 27 17
2 30 0
t 1032 36
m 14 10
0 29 0
1 28 17
2 29 0
t 1031 36
m 13 10
0 30 0
1 27 17
2 28 0
t 1030 36
m 13 11
0 31 0
1 26 17
2 27 0
t 1029 36
m 13 12
0 30 0
1 25 17
2 28 0
t 1028 36
m 13 11
0 29 0
1 26 17
2 27 0
t 1027 36
m 13 10
0 30 0
1 27 17
2 26 0
t 1026 36
m 12 10
0 30 1
1 27 18
2 26 1
t 1025 36
m 12 9
0 30 0
1 27 19
2 26 2
t 1024 36
m 12 9
0 30 1
1 27 18
2 27 2
t 1023 36
m 12 8
0 30 2
1 27 19
2 28 2
t 1022 36
m 12 7
0 31 2
1 26 19
2 28 1
t 1021 36
m 12 8
0 32 2
1 27 19
2 28 0
t 1020 36
m 12 7
0 31 2
1 26 19
2 28 1
t 1019 36
m 12 6
0 32 2
1 27 19
2 28 0
t 1018 36
m 13 6
0 31 2
1 26 19
2 28 1
t 1017 36
m 14 6
0 32 2
1 27 19
2 28 0
t 1016 36
m 14 6
0 31 2
1 28 19
2 29 0
t 1015 36
m 14 6
0 30 2
1 29 19
2 30 0
t 1014 36
m 15 6
0 31 2
1 28 19
2 30 1
t 1013 43
m 14 6
0 32 2
1 27 19
2 30 2
t 1012 43
m 14 6
0 31 2
1 27 18
2 30 1
t 1011 43
m 15 6
0 32 2
1 27 17
2 30 2
t 1010 43
m 15 5
0 31 2
1 28 17
2 31 2
t 1009 43
m 15 6
0 30 2
1 29 17
2 30 2
t 1008 43
m 15 5
0 31 2
1 28 17
2 31 2
t 1007 43
m 16 5
0 32 2
1 29 17
2 32 2
t 1006 43
m 17 5
0 31 2
1 28 17
2 32 3
t 1005 43
m 18 5
0 30 2
1 29 17
2 32 4
t 1004 43
m 19 5
0 30 1
1 30 17
2 33 4
t 1003 43
m 19 4
0 30 0
1 30 18
2 33 5
t 1002 43
m 19 3
0 29 0
1 30 17
2 33 4
t 1001 43
m 19 4
0 30 0
1 30 16
2 32 4
t 1000 43
m 19 3
0 31 0
1 31 16
2 32 3
t 999 43
m 19 2
0 30 0
1 31 15
2 32 2
t 998 43
m 19 3
0 30 1
1 31 14
2 32 3
t 997 43
m 19 2
0 30 2
1 30 14
2 32 4
t 996 43
m 19 1
0 30 1
1 31 14
2 32 3
t 995 43
m 19 0
0 30 2
1 32 14
2 32 2
t 994 43
m 20 0
0 31 2
1 33 14
2 31 2
t 993 43
m 21 0
0 30 2
1 32 14
2 30 2
t 992 43
m 20 0
0 31 2
1 31 14
2 31 2
t 991 43
m 21 0
0 32 2
1 31 15
2 30 2
t 990 43
m 21 0
0 31 2
1 31 14
2 30 1
t 989 43
m 22 0
0 32 2
1 32 14
2 30 0
t 988 43
m 22 0
0 31 2
1 31 14
2 29 0
t 987 43
m 22 1
0 30 2
1 32 14
2 30 0
t 986 43
m 22 1
0 31 2
1 31 14
2 31 0
t 985 43
m 23 1
0 30 2
1 32 14
2 30 0
t 984 43
m 23 1
0 31 2
1 33 14
2 30 1
t 983 43
m 23 1
0 32 2
1 32 14
2 30 2
t 982 43
m 23 1
0 32 3
1 33 14
2 31 2
t 981 43
m 22 1
0 32 2
1 32 14
2 32 2
t 980 43
m 23 1
0 32 3
1 33 14
2 32 3
t 979 43
m 24 1
0 32 4
1 32 14
2 32 2
t 978 43
m 23 1
0 33 4
1 33 14
2 31 2
t 977 43
m 23 1
0 34 4
1 32 14
2 30 2
t 976 43
m 23 1
0 33 4
1 31 14
2 31 2
t 975 43
m 22 1
0 33 5
1 30 14
2 30 2
t 974 43
m 22 0
0 33 4
1 30 13
2 31 2
t 973 43
m 22 1
0 34 4
1 29 13
2 32 2
t 972 43
m 22 0
0 33 4
1 28 13
2 31 2
t 971 43
m 21 0
0 32 4
1 29 13
2 32 2
t 970 43
m 21 0
0 33 4
1 30 13
2 32 3
t 969 43
m 21 0
0 34 4
1 29 13
2 32 2
t 968 43
m 20 0
0 34 3
1 30 13
2 31 2
t 967 43
m 19 0
0 34 2
1 30 14
2 30 2
t 966 43
m 19 0
0 34 3
1 30 13
2 31 2
t 965 43
m 18 0
0 34 2
1 30 12
2 30 2
t 964 43
m 18 0
0 34 1
1 31 12
2 30 1
t 963 43
m 17 0
0 34 0
1 32 12
2 30 0
t 962 50
m 16 0
0 34 1
1 32 11
2 29 0
t 961 50
m 16 0
0 34 0
1 32 12
2 28 0
t 960 50
m 17 0
0 34 1
1 32 11
2 29 0
t 959 50
m 18 0
0 34 0
1 32 10
2 28 0
t 958 50
m 19 0
0 33 0
1 32 9
2 27 0
t 957 50
m 20 0
0 32 0
1 33 9
2 28 0
t 956 50
m 21 0
0 33 0
1 34 9
2 28 1
t 955 50
m 20 0
0 32 0
1 33 9
2 28 2
t 954 50
m 21 0
0 33 0
1 32 9
2 27 2
t 953 50
m 22 0
0 34 0
1 32 10
2 26 2
t 952 50
m 22 1
0 33 0
1 32 11
2 26 1
t 951 50
m 23 1
0 34 0
1 32 10
2 26 0
t 950 50
m 22 1
0 34 1
1 32 9
2 26 1
t 949 50
m 22 0
0 34 0
1 32 10
2 26 2
t 948 50
m 21 0
0 33 0
1 32 11
2 27 2
t 947 50
m 21 0
0 34 0
1 32 10
2 28 2
t 946 50
m 20 0
0 33 0
1 32 9
2 28 1
t 945 50
m 21 0
0 34 0
1 33 9
2 28 2
t 944 50
m 21 0
0 33 0
1 33 8
2 27 2
t 943 50
m 22 0
0 32 0
1 33 7
2 28 2
t 942 50
m 21 0
0 33 0
1 33 6
2 27 2
t 941 50
m 22 0
0 32 0
1 33 5
2 26 2
t 940 50
m 21 0
0 33 0
1 33 6
2 27 2
t 939 50
m 20 0
0 34 0
1 33 5
2 26 2
t 938 50
m 21 0
0 33 0
1 33 4
2 26 1
t 937 50
m 22 0
0 32 0
1 32 4
2 26 2
t 936 50
m 22 0
0 31 0
1 32 3
2 27 2
t 935 50
m 21 0
0 32 0
1 32 2
2 28 2
t 934 50
m 20 0
0 31 0
1 32 3
2 27 2
t 933 50
m 19 0
0 30 0
1 32 4
2 26 2
t 932 50
m 18 0
0 30 1
1 33 4
2 27 2
t 931 50
m 19 0
0 30 0
1 33 5
2 26 2
t 930 50
m 18 0
0 29 0
1 33 6
2 26 1
t 929 50
m 18 0
0 28 0
1 33 5
2 26 0
t 928 50
m 18 0
0 28 1
1 33 6
2 27 0
t 927 50
m 17 0
0 28 2
1 33 5
2 26 0
t 926 50
m 17 0
0 27 2
1 33 4
2 26 1
t 925 50
m 17 0
0 26 2
1 34 4
2 26 2
t 924 50
m 17 0
0 26 1
1 33 4
2 26 1
t 923 50
m 18 0
0 26 2
1 32 4
2 25 1
t 922 50
m 18 0
0 26 1
1 33 4
2 26 1
t 921 50
m 17 0
0 25 1
1 32 4
2 25 1
t 920 50
m 17 0
0 24 1
1 33 4
2 24 1
t 919 50
m 16 0
0 25 1
1 34 4
2 23 1
t 918 50
m 15 0
0 26 1
1 33 4
2 22 1
t 917 50
m 16 0
0 26 2
1 34 4
2 22 0
t 916 50
m 17 0
0 26 1
1 33 4
2 22 1
t 915 50
m 17 0
0 26 0
1 32 4
2 22 0
t 914 50
m 16 0
0 27 0
1 33 4
2 22 1
t 913 50
m 16 0
0 26 0
1 33 5
2 23 1
t 912 50
m 16 0
0 26 1
1 33 4
2 24 1
t 911 50
m 15 0
0 25 1
1 34 4
2 23 1
t 910 50
m 16 0
0 24 1
1 33 4
2 24 1
t 909 50
m 15 0
0 23 1
1 32 4
2 23 1
t 908 50
m 16 0
0 22 1
1 32 3
2 22 1
t 907 50
m 17 0
0 23 1
1 32 2
2 22 0
t 906 50
m 16 0
0 24 1
1 31 2
2 22 1
t 905 50
m 16 0
0 23 1
1 30 2
2 22 0
t 904 50
m 15 0
0 24 1
1 30 1
2 22 1
t 903 50
m 15 0
0 25 1
1 30 0
2 23 1
t 902 50
m 15 0
0 24 1
1 30 1
2 22 1
t 901 50
m 15 1
0 23 1
1 30 2
2 22 0
t 900 60
m 15 0
0 22 1
1 31 2
2 22 1
t 899 60
m 15 1
0 22 0
1 32 2
2 22 0
t 898 60
m 15 0
0 22 1
1 31 2
2 22 1
t 897 60
m 15 1
0 23 1
1 30 2
2 22 0
t 896 60
m 15 2
0 22 1
1 30 1
2 21 0
t 895 60
m 15 2
0 23 1
1 30 0
2 20 0
t 894 60
m 15 2
0 22 1
1 31 0
2 19 0
t 893 60
m 15 3
0 22 0
1 30 0
2 20 0
t 892 60
m 15 3
0 22 1
1 31 0
2 21 0
t 891 60
m 15 2
0 23 1
1 32 0
2 20 0
t 890 60
m 15 1
0 24 1
1 31 0
2 19 0
t 889 60
m 15 2
0 23 1
1 32 0
2 18 0
t 888 60
m 15 2
0 22 1
1 33 0
2 19 0
t 887 60
m 15 3
0 23 1
1 34 0
2 19 1
t 886 60
m 15 2
0 24 1
1 34 1
2 19 2
t 885 60
m 15 3
0 25 1
1 34 0
2 19 1
t 884 60
m 15 3
0 26 1
1 34 1
2 19 2
t 883 60
m 15 4
0 26 0
1 34 0
2 19 3
t 882 60
m 15 3
0 26 1
1 33 0
2 19 4
t 881 60
m 15 4
0 25 1
1 32 0
2 19 3
t 880 60
m 15 4
0 26 1
1 31 0
2 19 2
t 879 60
m 15 5
0 26 0
1 30 0
2 19 1
t 878 60
m 15 6
0 26 1
1 31 0
2 19 0
t 877 60
m 15 5
0 25 1
1 30 0
2 19 1
t 876 60
m 16 5
0 24 1
1 30 1
2 19 2
t 875 60
m 17 5
0 23 1
1 30 0
2 19 1
t 874 60
m 16 5
0 24 1
1 30 1
2 19 0
f 12 6
t 873 60
m 17 5
0 23 1
1 30 2
2 20 0
t 872 60
m 18 5
0 22 1
1 30 1
2 21 0
t 871 60
m 18 5
0 23 1
1 30 2
2 22 0
t 870 60
m 18 6
0 22 1
1 31 2
2 21 0
t 869 60
m 19 6
0 23 1
1 32 2
2 22 0
t 868 66
m 19 6
0 24 1
1 32 3
2 21 0
t 867 66
m 19 6
0 25 1
1 32 4
2 22 0
t 866 66
m 19 6
0 24 1
1 32 3
2 22 1
t 865 66
m 20 6
0 23 1
1 32 2
2 22 0
t 864 66
m 19 6
0 22 1
1 31 2
2 21 0
t 863 66
m 19 6
0 22 0
1 32 2
2 22 0
t 862 66
m 19 5
0 21 0
1 31 2
2 21 0
t 861 66
m 19 4
0 22 0
1 32 2
2 20 0
t 860 66
m 19 5
0 21 0
1 31 2
2 19 0
t 859 66
m 18 5
0 22 0
1 32 2
2 19 1
t 858 66
m 17 5
0 21 0
1 31 2
2 19 0
t 857 66
m 17 5
0 20 0
1 32 2
2 18 0
t 856 66
m 16 5
0 21 0
1 32 3
2 17 0
t 855 66
m 17 5
0 22 0
1 32 2
2 18 0
t 854 66
m 16 5
0 22 1
1 32 3
2 17 0
t 853 66
m 17 5
0 23 1
1 32 4
2 16 0
t 852 66
m 16 5
0 24 1
1 33 4
2 17 0
t 851 66
m 17 5
0 25 1
1 33 5
2 18 0
t 850 66
m 16 5
0 24 1
1 33 4
2 19 0
t 849 66
m 17 5
0 25 1
1 32 4
2 19 1
t 848 66
m 18 5
0 24 1
1 33 4
2 19 0
t 847 66
m 17 5
0 23 1
1 32 4
2 20 0
t 846 66
m 18 5
0 22 1
1 33 4
2 21 0
t 845 66
m 18 5
0 23 1
1 34 4
2 22 0
t 844 66
m 17 5
0 24 1
1 33 4
2 21 0
t 843 66
m 16 5
0 23 1
1 32 4
2 20 0
t 842 66
m 16 5
0 24 1
1 32 3
2 19 0
t 841 66
m 17 5
0 25 1
1 32 2
2 19 1
t 840 66
m 17 5
0 24 1
1 31 2
2 19 2
t 839 66
m 16 5
0 23 1
1 32 2
2 19 1
t 838 66
m 16 6
0 22 1
1 31 2
2 19 0
t 837 66
m 16 5
0 23 1
1 30 2
2 18 0
t 836 66
m 16 5
0 22 1
1 30 1
2 17 0
t 835 66
m 15 5
0 23 1
1 30 2
2 16 0
t 834 66
m 15 6
0 24 1
1 31 2
2 17 0
t 833 66
m 15 6
0 25 1
1 30 2
2 16 0
t 832 66
m 16 6
0 24 1
1 31 2
2 15 0
t 831 66
m 15 6
0 25 1
1 32 2
2 15 1
t 830 66
m 15 6
0 24 1
1 31 2
2 15 0
t 829 66
m 14 6
0 23 1
1 32 2
2 15 1
t 828 66
m 13 6
0 24 1
1 32 3
2 15 0
t 827 66
m 12 6
0 23 1
1 32 2
2 15 1
t 826 76
m 12 6
0 24 1
1 32 3
2 15 2
t 825 76
m 12 6
0 25 1
1 32 2
2 15 1
t 824 76
m 12 7
0 26 1
1 31 2
2 15 0
f 9 19
t 823 76
m 12 8
0 26 0
1 30 2
2 15 1
t 822 76
m 12 7
0 27 0
1 30 1
2 15 2
t 821 76
m 12 8
0 26 0
1 30 2
2 15 3
t 820 76
m 12 8
0 27 0
1 30 1
2 15 2
t 819 76
m 12 7
0 26 0
1 30 2
2 15 1
t 818 76
m 12 8
0 27 0
1 30 1
2 15 0
t 817 76
m 12 9
0 28 0
1 30 2
2 14 0
t 816 76
m 12 10
0 27 0
1 31 2
2 13 0
t 815 76
m 11 10
0 28 0
1 30 2
2 12 0
t 814 76
m 10 10
0 27 0
1 31 2
2 13 0
t 813 76
m 10 10
0 26 0
1 32 2
2 12 0
t 812 76
m 10 10
0 27 0
1 31 2
2 12 1
t 811 76
m 10 10
0 26 0
1 30 2
2 11 1
t 810 76
m 9 10
0 26 1
1 31 2
2 10 1
t 809 76
m 9 10
0 26 2
1 32 2
2 11 1
t 808 76
m 8 10
0 26 1
1 32 3
2 10 1
t 807 76
m 9 10
0 25 1
1 32 2
2 9 1
t 806 76
m 9 10
0 24 1
1 31 2
2 8 1
t 805 76
m 8 10
0 25 1
1 30 2
2 8 0
t 804 76
m 7 10
0 24 1
1 30 1
2 7 0
t 803 76
m 7 11
0 23 1
1 30 0
2 8 0
t 802 76
m 7 10
0 22 1
1 31 0
2 7 0
t 801 76
m 8 10
0 23 1
1 30 0
2 6 0
t 800 76
m 7 10
0 22 1
1 30 1
2 7 0
t 799 76
m 7 10
0 22 0
1 30 0
2 8 0
t 798 76
m 8 10
0 22 1
1 29 0
2 8 1
t 797 76
m 8 10
0 23 1
1 28 0
2 8 2
t 796 76
m 9 10
0 22 1
1 29 0
2 7 2
t 795 76
m 9 10
0 22 0
1 30 0
2 6 2
t 794 76
m 8 10
0 21 0
1 30 1
2 6 1
t 793 76
m 7 10
0 20 0
1 30 0
2 6 2
t 792 76
m 8 10
0 21 0
1 31 0
2 7 2
t 791 76
m 9 10
0 22 0
1 30 0
2 6 2
t 790 76
m 8 10
0 22 1
1 29 0
2 6 1
t 789 76
m 7 10
0 23 1
1 30 0
2 6 2
t 788 76
m 7 10
0 22 1
1 29 0
2 6 1
t 787 76
m 8 10
0 23 1
1 30 0
2 6 2
t 786 76
m 7 10
0 22 1
1 29 0
2 7 2
t 785 76
m 8 10
0 22 0
1 30 0
2 6 2
t 784 76
m 9 10
0 22 1
1 31 0
2 6 1
t 783 76
m 8 10
0 22 0
1 30 0
2 6 2
t 782 76
m 8 10
0 21 0
1 31 0
2 7 2
t 781 76
m 8 10
0 22 0
1 32 0
2 6 2
t 780 76
m 8 10
0 22 1
1 31 0
2 6 1
t 779 76
m 9 10
0 22 0
1 30 0
2 6 2
t 778 76
m 8 10
0 21 0
1 31 0
2 6 1
t 777 76
m 9 10
0 20 0
1 32 0
2 6 0
t 776 76
m 9 10
0 21 0
1 31 0
2 5 0
t 775 76
m 8 10
0 20 0
1 30 0
2 6 0
t 774 76
m 7 10
0 21 0
1 31 0
2 5 0
t 773 76
m 8 10
0 20 0
1 32 0
2 4 0
t 772 76
m 7 10
0 21 0
1 31 0
2 3 0
t 771 76
m 7 10
0 22 0
1 30 0
2 2 0
t 770 76
m 8 10
0 21 0
1 30 1
2 1 0
t 769 76
m 7 10
0 20 0
1 30 0
2 0 0
t 768 76
m 7 10
0 19 0
1 30 1
2 1 0
t 767 76
m 7 10
0 20 0
1 30 2
2 2 0
t 766 76
m 8 10
0 19 0
1 31 2
2 1 0
t 765 76
m 7 10
0 20 0
1 30 2
2 0 0
t 764 76
m 7 11
0 21 0
1 30 1
2 0 1
t 763 76
m 7 11
0 22 0
1 30 2
2 0 2
t 762 76
m 7 11
0 22 1
1 31 2
2 0 1
t 761 76
m 7 12
0 23 1
1 32 2
2 0 0
t 760 76
m 7 11
0 22 1
1 31 2
2 1 0
t 759 76
m 7 11
0 23 1
1 32 2
2 2 0
t 758 76
m 7 10
0 22 1
1 32 3
2 1 0
t 757 76
m 8 10
0 23 1
1 32 4
2 0 0
t 756 76
m 8 10
0 22 1
1 32 3
2 0 1
t 755 76
m 7 10
0 22 0
1 32 2
2 0 0
t 754 76
m 7 11
0 22 1
1 31 2
2 0 1
t 753 76
m 7 10
0 23 1
1 32 2
2 0 0
t 752 76
m 7 10
0 24 1
1 32 3
2 1 0
t 751 76
m 8 10
0 25 1
1 32 2
2 0 0
t 750 76
m 8 10
0 24 1
1 31 2
2 1 0
t 749 76
m 9 10
0 25 1
1 32 2
2 0 0
t 748 76
m 10 10
0 24 1
1 32 3
2 0 1
t 747 76
m 9 10
0 25 1
1 32 4
2 0 2
t 746 76
m 9 10
0 24 1
1 32 3
2 0 1
t 745 76
m 8 10
0 25 1
1 32 4
2 0 0
t 744 76
m 9 10
0 26 1
1 33 4
2 1 0
t 743 76
m 10 10
0 25 1
1 34 4
2 0 0
t 742 76
m 11 10
0 24 1
1 33 4
2 1 0
t 741 76
m 11 10
0 25 1
1 33 5
2 0 0
t 740 76
m 10 10
0 24 1
1 33 6
2 1 0
t 739 76
m 10 10
0 25 1
1 33 5
2 0 0
t 738 76
m 10 10
0 24 1
1 33 6
2 1 0
t 737 76
m 11 10
0 25 1
1 33 7
2 0 0
t 736 76
m 12 10
0 26 1
1 33 8
2 0 1
t 735 76
m 13 10
0 25 1
1 33 9
2 0 2
t 734 76
m 13 11
0 24 1
1 33 8
2 0 3
t 733 76
m 13 12
0 23 1
1 33 9
2 0 4
t 732 76
m 13 11
0 22 1
1 32 9
2 0 3
t 731 76
m 13 12
0 23 1
1 33 9
2 0 2
t 730 76
m 13 11
0 22 1
1 33 8
2 0 3
t 729 76
m 13 10
0 23 1
1 33 9
2 0 2
t 728 76
m 14 10
0 24 1
1 32 9
2 0 1
t 727 76
m 15 10
0 25 1
1 33 9
2 0 2
t 726 76
m 14 10
0 24 1
1 33 8
2 0 1
t 725 76
m 15 10
0 23 1
1 33 9
2 0 0
t 724 76
m 15 10
0 24 1
1 33 8
2 0 1
t 723 76
m 14 10
0 23 1
1 33 9
2 0 2
t 722 76
m 15 10
0 22 1
1 32 9
2 0 3
t 721 76
m 16 10
0 23 1
1 33 9
2 0 4
t 720 76
m 16 10
0 24 1
1 33 8
2 0 3
t 719 76
m 15 10
0 23 1
1 33 9
2 0 2
t 718 76
m 16 10
0 22 1
1 33 8
2 0 1
t 717 76
m 16 10
0 23 1
1 33 9
2 0 2
t 716 76
m 15 10
0 22 1
1 32 9
2 0 1
t 715 76
m 16 10
0 22 0
1 33 9
2 0 0
t 714 76
m 16 11
0 21 0
1 33 8
2 0 1
t 713 76
m 16 10
0 22 0
1 33 7
2 0 2
t 712 76
m 16 10
0 22 1
1 33 6
2 0 1
t 711 76
m 16 11
0 22 0
1 33 5
2 0 0
t 710 76
m 16 11
0 22 1
1 33 4
2 1 0
t 709 76
m 16 11
0 23 1
1 32 4
2 0 0
t 708 76
m 16 11
0 22 1
1 33 4
2 1 0
t 707 76
m 16 12
0 23 1
1 32 4
2 2 0
t 706 76
m 17 12
0 22 1
1 32 3
2 3 0
t 705 76
m 16 12
0 23 1
1 32 2
2 4 0
t 704 76
m 16 12
0 22 1
1 31 2
2 4 1
t 703 76
m 16 12
0 23 1
1 32 2
2 4 2
t 702 76
m 15 12
0 24 1
1 31 2
2 4 1
t 701 76
m 14 12
0 23 1
1 32 2
2 4 0
t 700 76
m 15 12
0 24 1
1 32 3
2 4 1
t 699 76
m 14 12
0 25 1
1 32 2
2 4 2
t 698 76
m 13 12
0 26 1
1 31 2
2 4 1
t 697 76
m 13 12
0 26 0
1 32 2
2 4 2
t 696 76
m 14 12
0 26 1
1 32 3
2 4 1
t 695 76
m 14 12
0 25 1
1 32 2
2 4 0
t 694 76
m 14 12
0 24 1
1 31 2
2 3 0
t 693 76
m 14 12
0 23 1
1 32 2
2 4 0
t 692 76
m 15 12
0 22 1
1 31 2
2 3 0
t 691 76
m 15 13
0 22 0
1 32 2
2 4 0
t 690 76
m 15 13
0 21 0
1 31 2
2 3 0
t 689 76
m 15 13
0 22 0
1 30 2
2 2 0
t 688 76
m 15 12
0 21 0
1 31 2
2 3 0
t 687 76
m 15 12
0 22 0
1 32 2
2 2 0
t 686 76
m 15 12
0 21 0
1 31 2
2 3 0
t 685 76
m 16 12
0 20 0
1 32 2
2 4 0
t 684 76
m 16 11
0 19 0
1 31 2
2 3 0
t 683 76
m 16 11
0 20 0
1 30 2
2 2 0
t 682 76
m 16 10
0 19 0
1 30 1
2 1 0
t 681 76
m 16 11
0 20 0
1 30 2
2 0 0
t 680 76
m 16 12
0 21 0
1 30 1
2 1 0
t 679 76
m 16 11
0 20 0
1 30 2
2 2 0
t 678 76
m 16 10
0 19 0
1 30 1
2 3 0
t 677 76
m 16 11
0 20 0
1 30 2
2 4 0
t 676 76
m 16 11
0 19 0
1 30 1
2 5 0
t 675 76
m 16 10
0 18 0
1 30 0
2 6 0
t 674 76
m 15 10
0 19 0
1 31 0
2 7 0
t 673 76
m 16 10
0 18 0
1 32 0
2 8 0
t 672 76
m 16 10
0 17 0
1 31 0
2 7 0
t 671 76
m 15 10
0 18 0
1 30 0
2 8 0
t 670 76
m 15 10
0 19 0
1 29 0
2 8 1
t 669 76
m 16 10
0 19 1
1 28 0
2 9 1
t 668 76
m 16 9
0 19 2
1 27 0
2 10 1
t 667 76
m 16 10
0 19 3
1 26 0
2 9 1
t 666 76
m 15 10
0 19 4
1 26 1
2 10 1
t 665 76
m 15 10
0 19 5
1 26 0
2 9 1
t 664 76
m 14 10
0 19 6
1 27 0
2 10 1
t 663 76
m 13 10
0 18 6
1 28 0
2 11 1
t 662 76
m 14 10
0 19 6
1 27 0
2 12 1
t 661 76
m 15 10
0 20 6
1 26 0
2 11 1
t 660 76
m 16 10
0 21 6
1 27 0
2 10 1
t 659 76
m 16 9
0 22 6
1 26 0
2 9 1
t 658 76
m 16 9
0 21 6
1 27 0
2 10 1
t 657 76
m 16 10
0 20 6
1 28 0
2 9 1
t 656 76
m 15 10
0 19 6
1 27 0
2 8 1
t 655 76
m 14 10
0 19 5
1 28 0
2 8 2
t 654 76
m 13 10
0 19 6
1 29 0
2 8 1
t 653 76
m 14 10
0 20 6
1 30 0
2 8 0
t 652 76
m 15 10
0 19 6
1 29 0
2 7 0
t 651 76
m 15 10
0 20 6
1 30 0
2 8 0
t 650 76
m 14 10
0 21 6
1 30 1
2 7 0
t 649 76
m 15 10
0 22 6
1 30 2
2 6 0
t 648 76
m 14 10
0 22 7
1 31 2
2 6 1
t 647 76
m 15 10
0 22 6
1 30 2
2 6 0
t 646 76
m 14 10
0 21 6
1 30 1
2 5 0
t 645 76
m 15 10
0 20 6
1 30 2
2 4 0
t 644 76
m 15 10
0 21 6
1 31 2
2 3 0
t 643 76
m 16 10
0 20 6
1 30 2
2 4 0
t 642 76
m 15 10
0 21 6
1 30 1
2 3 0
t 641 76
m 15 10
0 22 6
1 30 0
2 4 0
t 640 76
m 16 10
0 21 6
1 30 1
2 3 0
t 639 76
m 15 10
0 22 6
1 30 0
2 2 0
t 638 76
m 15 10
0 21 6
1 29 0
2 3 0
t 637 76
m 16 10
0 20 6
1 30 0
2 4 0
t 636 76
m 16 10
0 21 6
1 29 0
2 4 1
t 635 76
m 16 11
0 20 6
1 28 0
2 4 0
t 634 76
m 16 10
0 21 6
1 27 0
2 4 1
t 633 76
m 15 10
0 20 6
1 26 0
2 4 2
t 632 76
m 14 10
0 21 6
1 26 1
2 3 2
t 631 76
m 15 10
0 22 6
1 25 1
2 4 2
t 630 76
m 15 10
0 21 6
1 24 1
2 4 1
t 629 76
m 15 10
0 22 6
1 25 1
2 4 2
t 628 76
m 15 10
0 22 7
1 26 1
2 3 2
t 627 76
m 15 10
0 22 8
1 26 0
2 4 2
t 626 76
m 15 10
0 22 9
1 27 0
2 3 2
t 625 76
m 16 10
0 22 8
1 26 0
2 4 2
t 624 76
m 16 11
0 22 9
1 26 1
2 4 1
t 623 76
m 16 11
0 22 8
1 26 2
2 4 2
t 622 76
m 16 10
0 22 9
1 26 1
2 4 1
t 621 76
m 16 10
0 22 10
1 26 2
2 4 2
t 620 76
m 16 10
0 21 10
1 27 2
2 4 1
t 619 76
m 15 10
0 21 11
1 28 2
2 4 2
t 618 76
m 15 10
0 21 12
1 28 1
2 4 1
t 617 76
m 15 10
0 20 12
1 28 0
2 4 0
t 616 76
m 15 10
0 21 12
1 29 0
2 3 0
t 615 76
m 16 10
0 21 13
1 28 0
2 4 0
t 614 76
m 15 10
0 21 12
1 27 0
2 3 0
t 613 76
m 16 10
0 20 12
1 26 0
2 2 0
t 612 76
m 16 9
0 19 12
1 26 1
2 1 0
t 611 76
m 16 8
0 20 12
1 25 1
2 0 0
t 610 76
m 16 9
0 21 12
1 26 1
2 1 0
t 609 76
m 16 8
0 20 12
1 25 1
2 2 0
t 608 76
m 16 8
0 21 12
1 26 1
2 1 0
t 607 76
m 16 9
0 20 12
1 26 0
2 0 0
t 606 76
m 16 8
0 21 12
1 27 0
2 1 0
t 605 76
m 16 9
0 21 13
1 26 0
2 2 0
t 604 76
m 16 10
0 21 12
1 27 0
2 1 0
t 603 76
m 16 11
0 20 12
1 28 0
2 0 0
t 602 76
m 16 11
0 19 12
1 27 0
2 0 1
t 601 76
m 16 10
0 20 12
1 26 0
2 0 2
t 600 76
m 15 10
0 21 12
1 26 1
2 0 1
t 599 76
m 14 10
0 21 13
1 26 0
2 0 0
t 598 76
m 15 10
0 21 12
1 26 1
2 0 1
t 597 76
m 16 10
0 20 12
1 26 0
2 0 2
t 596 76
m 15 10
0 21 12
1 26 1
2 0 1
t 595 76
m 14 10
0 21 13
1 26 0
2 0 2
t 594 76
m 14 10
0 21 14
1 26 1
2 0 1
t 593 76
m 15 10
0 21 15
1 26 2
2 0 2
t 592 76
m 15 10
0 21 16
1 26 1
2 0 3
t 591 76
m 16 10
0 21 17
1 25 1
2 0 2
t 590 76
m 16 9
0 21 16
1 24 1
2 0 1
t 589 76
m 16 8
0 21 17
1 23 1
2 0 0
t 588 76
m 16 7
0 21 18
1 24 1
2 1 0
t 587 76
m 16 7
0 21 19
1 25 1
2 0 0
t 586 76
m 16 8
0 22 19
1 26 1
2 0 1
t 585 76
m 16 9
0 23 19
1 26 2
2 0 2
t 584 76
m 16 10
0 22 19
1 26 1
2 0 1
t 583 76
m 16 9
0 21 19
1 25 1
2 0 0
t 582 76
m 16 9
0 21 18
1 24 1
2 1 0
t 581 76
m 16 9
0 21 17
1 23 1
2 2 0
t 580 76
m 16 8
0 21 18
1 24 1
2 3 0
t 579 76
m 16 7
0 21 17
1 25 1
2 4 0
t 578 76
m 16 6
0 21 18
1 26 1
2 3 0
t 577 76
m 16 5
0 21 19
1 25 1
2 4 0
t 576 76
m 17 5
0 21 18
1 24 1
2 4 1
t 575 76
m 17 5
0 21 19
1 23 1
2 4 0
t 574 76
m 16 5
0 21 18
1 22 1
2 3 0
t 573 76
m 16 5
0 21 19
1 23 1
2 2 0
t 572 76
m 16 5
0 22 19
1 22 1
2 1 0
t 571 76
m 16 6
0 23 19
1 22 0
2 0 0
t 570 76
m 15 6
0 22 19
1 21 0
2 1 0
t 569 76
m 16 6
0 23 19
1 22 0
2 0 0
t 568 76
m 15 6
0 24 19
1 22 1
2 1 0
t 567 76
m 14 6
0 23 19
1 22 0
2 0 0
t 566 76
m 13 6
0 24 19
1 21 0
2 1 0
t 565 76
m 12 6
0 23 19
1 22 0
2 2 0
t 564 76
m 12 6
0 22 19
1 22 1
2 3 0
t 563 76
m 12 6
0 23 19
1 22 0
2 2 0
t 562 76
m 12 7
0 24 19
1 22 1
2 1 0
t 561 76
m 12 7
0 23 19
1 22 0
2 2 0
t 560 76
m 12 6
0 22 19
1 22 1
2 3 0
t 559 76
m 12 6
0 21 19
1 23 1
2 4 0
t 558 76
m 12 7
0 22 19
1 24 1
2 3 0
t 557 76
m 12 7
0 23 19
1 23 1
2 2 0
t 556 76
m 12 6
0 22 19
1 24 1
2 1 0
t 555 76
m 12 7
0 23 19
1 23 1
2 2 0
t 554 76
m 12 8
0 24 19
1 22 1
2 3 0
t 553 76
m 12 9
0 25 19
1 23 1
2 4 0
t 552 76
m 12 8
0 25 18
1 24 1
2 5 0
t 551 76
m 12 8
0 25 19
1 23 1
2 4 0
t 550 76
m 12 7
0 26 19
1 22 1
2 5 0
t 549 76
m 12 8
0 25 19
1 23 1
2 6 0
t 548 76
m 12 8
0 24 19
1 22 1
2 6 1
t 547 76
m 12 9
0 23 19
1 23 1
2 6 2
t 546 76
m 12 10
0 24 19
1 24 1
2 6 1
t 545 76
m 11 10
0 23 19
1 23 1
2 6 2
t 544 76
m 11 10
0 22 19
1 22 1
2 7 2
t 543 76
m 10 10
0 23 19
1 22 0
2 8 2
t 542 76
m 11 10
0 22 19
1 21 0
2 8 1
t 541 76
m 10 10
0 23 19
1 20 0
2 8 0
t 540 76
m 9 10
0 22 19
1 19 0
2 8 1
t 539 76
m 10 10
0 21 19
1 19 1
2 8 2
t 538 76
m 11 10
0 22 19
1 19 0
2 7 2
t 537 76
m 12 10
0 23 19
1 18 0
2 8 2
t 536 76
m 13 10
0 22 19
1 19 0
2 8 1
t 535 76
m 13 10
0 23 19
1 18 0
2 8 0
t 534 76
m 14 10
0 24 19
1 17 0
2 7 0
t 533 76
m 13 10
0 25 19
1 18 0
2 8 0
t 532 76
m 13 11
0 26 19
1 17 0
2 7 0
t 531 76
m 13 11
0 27 19
1 18 0
2 8 0
t 530 76
m 13 11
0 27 18
1 19 0
2 8 1
t 529 76
m 13 12
0 27 17
1 20 0
2 8 0
t 528 76
m 13 13
0 27 18
1 19 0
2 7 0
t 527 76
m 13 13
0 27 17
1 20 0
2 8 0
t 526 76
m 13 14
0 27 18
1 19 0
2 8 1
t 525 76
m 13 13
0 27 19
1 20 0
2 8 0
t 524 76
m 13 14
0 28 19
1 21 0
2 8 1
t 523 76
m 13 15
0 27 19
1 20 0
2 9 1
t 522 76
m 13 14
0 26 19
1 19 0
2 8 1
t 521 76
m 13 13
0 27 19
1 20 0
2 8 0
t 520 76
m 13 12
0 28 19
1 21 0
2 7 0
t 519 76
m 13 12
0 29 19
1 20 0
2 8 0
t 518 76
m 13 13
0 30 19
1 21 0
2 8 1
t 517 76
m 13 14
0 29 19
1 22 0
2 8 0
t 516 76
m 13 14
0 30 19
1 21 0
2 7 0
t 515 76
m 13 14
0 29 19
1 20 0
2 8 0
t 514 76
m 13 14
0 30 19
1 19 0
2 7 0
t 513 76
m 13 14
0 29 19
1 19 1
2 8 0
t 512 76
m 13 15
0 28 19
1 19 0
2 7 0
t 511 76
m 13 14
0 29 19
1 20 0
2 8 0
t 510 76
m 13 14
0 30 19
1 21 0
2 7 0
t 509 76
m 13 15
0 31 19
1 20 0
2 8 0
t 508 76
m 13 15
0 30 19
1 19 0
2 8 1
t 507 76
m 13 14
0 30 18
1 18 0
2 9 1
t 506 76
m 13 14
0 30 17
1 17 0
2 10 1
t 505 76
m 13 13
0 29 17
1 18 0
2 11 1
t 504 76
m 13 12
0 28 17
1 19 0
2 12 1
t 503 76
m 14 12
0 29 17
1 20 0
2 12 0
t 502 76
m 14 12
0 28 17
1 21 0
2 13 0
t 501 76
m 14 12
0 29 17
1 20 0
2 14 0
t 500 76
m 14 12
0 28 17
1 19 0
2 13 0
t 499 76
m 15 12
0 27 17
1 19 1
2 12 0
t 498 76
m 15 12
0 27 18
1 19 2
2 13 0
t 497 76
m 15 12
0 27 19
1 19 3
2 14 0
t 496 76
m 14 12
0 26 19
1 19 4
2 15 0
t 495 76
m 15 12
0 27 19
1 19 5
2 16 0
t 494 76
m 15 13
0 28 19
1 19 4
2 17 0
t 493 76
m 15 14
0 29 19
1 19 3
2 18 0
t 492 76
m 15 15
0 30 19
1 19 4
2 17 0
t 491 76
m 15 14
0 31 19
1 19 3
2 16 0
t 490 76
m 15 15
0 30 19
1 19 2
2 15 0
t 489 76
m 15 14
0 31 19
1 19 3
2 14 0
t 488 76
m 15 13
0 32 19
1 19 4
2 15 0
t 487 76
m 15 12
0 33 19
1 19 3
2 16 0
t 486 76
m 15 13
0 32 19
1 19 2
2 15 0
t 485 76
m 15 14
0 31 19
1 19 3
2 15 1
t 484 76
m 15 15
0 32 19
1 19 4
2 15 0
t 483 76
m 15 15
0 33 19
1 19 5
2 15 1
t 482 76
m 15 15
0 34 19
1 19 6
2 15 0
t 481 76
m 15 16
0 34 18
1 18 6
2 16 0
t 480 76
m 15 16
0 34 19
1 18 5
2 15 0
t 479 76
m 15 15
0 33 19
1 18 6
2 15 1
t 478 76
m 15 15
0 32 19
1 18 5
2 15 2
t 477 76
m 15 16
0 33 19
1 19 5
2 15 3
t 476 76
m 15 15
0 34 19
1 19 4
2 15 2
t 475 76
m 15 14
0 34 18
1 19 3
2 15 3
t 474 76
m 15 13
0 34 17
1 19 2
2 15 2
t 473 76
m 15 12
0 34 16
1 19 3
2 15 1
t 472 76
m 14 12
0 34 15
1 19 2
2 15 2
t 471 76
m 14 12
0 34 14
1 19 3
2 15 1
t 470 76
m 15 12
0 34 13
1 19 2
2 15 2
t 469 76
m 16 12
0 34 12
1 19 3
2 15 1
t 468 76
m 16 11
0 34 13
1 19 2
2 15 2
t 467 76
m 16 12
0 34 12
1 19 1
2 15 3
t 466 76
m 15 12
0 34 13
1 19 2
2 15 4
t 465 76
m 15 13
0 34 14
1 19 3
2 15 3
t 464 76
m 15 14
0 34 13
1 19 2
2 15 4
t 463 76
m 15 14
0 34 14
1 19 1
2 15 5
t 462 76
m 15 13
0 34 15
1 19 2
2 16 5
t 461 76
m 15 13
0 34 14
1 19 3
2 17 5
t 460 76
m 15 12
0 34 15
1 19 4
2 16 5
t 459 76
m 16 12
0 34 16
1 19 3
2 15 5
t 458 76
m 16 12
0 33 16
1 19 2
2 15 6
t 457 76
m 16 12
0 34 16
1 19 3
2 15 5
t 456 76
m 17 12
0 34 17
1 19 4
2 15 6
t 455 76
m 17 12
0 34 18
1 19 5
2 15 5
t 454 76
m 16 12
0 34 17
1 19 4
2 15 4
t 453 76
m 17 12
0 34 18
1 19 5
2 15 3
t 452 76
m 18 12
0 34 19
1 19 6
2 15 4
t 451 76
m 19 12
0 33 19
1 19 5
2 15 3
t 450 76
m 19 12
0 32 19
1 19 6
2 15 4
t 449 76
m 19 13
0 33 19
1 20 6
2 15 5
t 448 76
m 19 12
0 34 19
1 19 6
2 16 5
t 447 76
m 20 12
0 33 19
1 18 6
2 16 6
t 446 76
m 19 12
0 32 19
1 19 6
2 15 6
t 445 76
m 19 12
0 31 19
1 19 5
2 16 6
t 444 76
m 20 12
0 30 19
1 19 6
2 16 5
t 443 76
m 20 12
0 29 19
1 20 6
2 16 6
t 442 76
m 21 12
0 28 19
1 21 6
2 16 5
t 441 76
m 20 12
0 27 19
1 20 6
2 17 5
t 440 76
m 20 12
0 28 19
1 19 6
2 16 5
t 439 76
m 19 12
0 27 19
1 18 6
2 16 6
t 438 76
m 19 13
0 28 19
1 18 7
2 16 7
t 437 76
m 19 13
0 29 19
1 18 6
2 16 6
t 436 76
m 19 14
0 30 19
1 18 7
2 15 6
t 435 76
m 19 15
0 31 19
1 18 8
2 16 6
t 434 76
m 19 15
0 32 19
1 18 7
2 16 7
t 433 76
m 19 16
0 33 19
1 18 6
2 16 6
t 432 76
m 19 16
0 32 19
1 19 6
2 16 5
t 431 76
m 19 15
0 31 19
1 18 6
2 16 6
t 430 76
m 19 16
0 30 19
1 18 7
2 16 7
t 429 76
m 19 15
0 30 18
1 18 8
2 16 6
t 428 76
m 19 15
0 30 17
1 18 9
2 15 6
t 427 76
m 19 16
0 29 17
1 18 10
2 14 6
t 426 76
m 19 17
0 30 17
1 19 10
2 13 6
t 425 76
m 19 16
0 30 18
1 20 10
2 14 6
t 424 76
m 18 16
0 30 19
1 19 10
2 13 6
t 423 76
m 18 16
0 31 19
1 20 10
2 14 6
t 422 76
m 18 16
0 32 19
1 19 10
2 15 6
t 421 76
m 17 16
0 31 19
1 18 10
2 16 6
t 420 76
m 17 16
0 30 19
1 18 9
2 16 5
t 419 76
m 16 16
0 31 19
1 18 10
2 17 5
t 418 76
m 17 16
0 30 19
1 18 11
2 18 5
t 417 76
m 17 16
0 31 19
1 18 12
2 19 5
t 416 76
m 18 16
0 30 19
1 18 11
2 18 5
t 415 76
m 19 16
0 31 19
1 18 12
2 18 6
t 414 76
m 19 16
0 32 19
1 17 12
2 19 6
t 413 76
m 19 15
0 31 19
1 16 12
2 18 6
t 412 76
m 19 15
0 32 19
1 15 12
2 18 5
t 411 76
m 19 16
0 33 19
1 15 13
2 18 6
t 410 76
m 19 17
0 34 19
1 15 12
2 18 7
t 409 76
m 19 18
0 34 18
1 16 12
2 18 6
t 408 76
m 19 19
0 34 19
1 16 11
2 18 5
t 407 76
m 19 19
0 34 18
1 16 10
2 19 5
t 406 76
m 19 19
0 34 17
1 16 9
2 19 6
t 405 76
m 19 18
0 34 16
1 16 8
2 18 6
t 404 76
m 19 17
0 34 17
1 16 9
2 18 7
t 403 76
m 19 16
0 34 16
1 16 8
2 18 8
t 402 76
m 19 15
0 33 16
1 16 9
2 18 7
t 401 76
m 19 16
0 34 16
1 16 10
2 18 6
t 400 76
m 18 16
0 34 15
1 15 10
2 19 6
t 399 76
m 18 16
0 34 16
1 14 10
2 19 5
t 398 76
m 19 16
0 33 16
1 15 10
2 18 5
t 397 76
m 19 15
0 34 16
1 14 10
2 17 5
t 396 76
m 19 16
0 34 15
1 13 10
2 18 5
t 395 76
m 19 16
0 34 14
1 13 11
2 19 5
t 394 76
m 19 16
0 34 13
1 13 12
2 18 5
t 393 76
m 18 16
0 34 14
1 13 11
2 18 6
t 392 76
m 18 16
0 34 15
1 13 12
2 18 7
t 391 76
m 19 16
0 34 14
1 13 11
2 18 6
t 390 76
m 19 17
0 34 15
1 13 10
2 18 7
t 389 76
m 19 18
0 34 16
1 12 10
2 18 6
t 388 76
m 19 19
0 33 16
1 12 9
2 18 5
t 387 76
m 19 18
0 32 16
1 12 8
2 18 6
t 386 76
m 19 18
0 33 16
1 12 7
2 18 5
t 385 76
m 19 17
0 34 16
1 12 8
2 19 5
t 384 76
m 19 18
0 33 16
1 12 9
2 18 5
t 383 76
m 19 17
0 34 16
1 12 8
2 18 6
t 382 76
m 19 18
0 34 17
1 12 7
2 18 5
t 381 76
m 19 17
0 34 18
1 12 8
2 18 6
t 380 76
m 19 18
0 34 19
1 12 7
2 19 6
t 379 76
m 19 18
0 33 19
1 12 8
2 18 6
t 378 76
m 19 19
0 32 19
1 12 7
2 18 5
t 377 76
m 19 18
0 33 19
1 12 6
2 19 5
t 376 76
m 19 19
0 32 19
1 12 7
2 19 6
t 375 76
m 19 19
0 33 19
1 12 6
2 20 6
t 374 76
m 20 19
0 32 19
1 12 7
2 21 6
t 373 76
m 21 19
0 33 19
1 12 8
2 22 6
t 372 76
m 22 19
0 32 19
1 12 9
2 21 6
t 371 76
m 21 19
0 33 19
1 12 10
2 20 6
t 370 76
m 22 19
0 32 19
1 12 9
2 21 6
t 369 76
m 21 19
0 31 19
1 12 10
2 20 6
t 368 76
m 22 19
0 32 19
1 11 10
2 21 6
t 367 76
m 22 19
0 31 19
1 12 10
2 22 6
t 366 76
m 21 19
0 30 19
1 12 9
2 21 6
t 365 76
m 20 19
0 31 19
1 12 10
2 22 6
t 364 76
m 21 19
0 32 19
1 12 9
2 22 7
t 363 76
m 22 19
0 33 19
1 12 10
2 22 6
t 362 76
m 22 19
0 34 19
1 12 9
2 22 7
t 361 76
m 23 19
0 34 18
1 12 10
2 22 8
t 360 76
m 23 19
0 34 19
1 12 9
2 22 7
t 359 76
m 24 19
0 34 18
1 12 10
2 22 6
t 358 83
m 25 19
0 34 19
1 12 9
2 21 6
t 357 83
m 25 19
0 34 18
1 12 8
2 22 6
t 356 83
m 25 18
0 34 19
1 12 7
2 21 6
t 355 83
m 25 17
0 34 18
1 12 6
2 22 6
t 354 83
m 25 17
0 34 19
1 13 6
2 22 7
t 353 83
m 25 18
0 33 19
1 12 6
2 22 6
t 352 83
m 25 17
0 34 19
1 12 7
2 22 7
t 351 83
m 25 17
0 33 19
1 12 6
2 22 6
t 350 83
m 25 18
0 32 19
1 13 6
2 22 7
t 349 83
m 25 17
0 31 19
1 14 6
2 22 8
t 348 83
m 26 17
0 30 19
1 13 6
2 22 9
t 347 83
m 25 17
0 29 19
1 12 6
2 22 8
t 346 83
m 26 17
0 30 19
1 12 7
2 22 9
t 345 83
m 25 17
0 29 19
1 12 8
2 22 10
t 344 83
m 25 17
0 28 19
1 12 9
2 22 9
t 343 83
m 25 17
0 29 19
1 12 8
2 22 8
t 342 83
m 26 17
0 28 19
1 12 7
2 22 9
t 341 83
m 25 17
0 29 19
1 12 8
2 22 8
t 340 83
m 25 17
0 30 19
1 12 9
2 22 9
t 339 83
m 25 17
0 29 19
1 12 10
2 22 8
t 338 83
m 25 18
0 28 19
1 11 10
2 22 9
t 337 83
m 25 18
0 27 19
1 12 10
2 22 10
t 336 83
m 25 17
0 26 19
1 11 10
2 21 10
t 335 83
m 26 17
0 25 19
1 12 10
2 22 10
t 334 83
m 27 17
0 24 19
1 13 10
2 23 10
t 333 83
m 27 17
0 25 19
1 13 11
2 24 10
t 332 83
m 27 17
0 24 19
1 13 10
2 25 10
t 331 83
m 27 17
0 23 19
1 14 10
2 26 10
t 330 83
m 27 18
0 24 19
1 13 10
2 25 10
t 329 83
m 27 19
0 23 19
1 14 10
2 24 10
t 328 90
m 26 19
0 24 19
1 15 10
2 23 10
t 327 90
m 27 19
0 25 19
1 14 10
2 22 10
t 326 90
m 26 19
0 24 19
1 13 10
2 23 10
t 325 90
m 25 19
0 23 19
1 14 10
2 22 10
t 324 90
m 25 18
0 22 19
1 15 10
2 21 10
t 323 90
m 25 17
0 21 19
1 16 10
2 21 11
t 322 90
m 25 17
0 21 18
1 16 9
2 21 12
t 321 90
m 26 17
0 21 19
1 16 10
2 21 13
t 320 90
m 27 17
0 21 18
1 16 9
2 21 12
t 319 90
m 28 17
0 21 19
1 16 10
2 21 13
t 318 90
m 28 17
0 20 19
1 16 11
2 21 14
t 317 90
m 28 17
0 21 19
1 16 10
2 21 13
t 316 90
m 27 17
0 22 19
1 16 9
2 21 14
t 315 90
m 28 17
0 23 19
1 16 8
2 21 15
t 314 90
m 29 17
0 22 19
1 16 7
2 21 14
t 313 90
m 28 17
0 21 19
1 16 6
2 21 15
t 312 90
m 29 17
0 21 18
1 16 5
2 21 14
t 311 90
m 28 17
0 21 19
1 15 5
2 21 13
t 310 90
m 29 17
0 20 19
1 16 5
2 21 14
t 309 90
m 30 17
0 21 19
1 16 6
2 21 15
t 308 90
m 30 17
0 20 19
1 15 6
2 21 16
t 307 90
m 29 17
0 19 19
1 16 6
2 21 15
t 306 90
m 29 17
0 19 18
1 16 5
2 21 14
t 305 90
m 29 17
0 19 19
1 16 6
2 21 15
t 304 90
m 30 17
0 20 19
1 16 7
2 21 16
t 303 90
m 29 17
0 19 19
1 16 6
2 21 15
t 302 90
m 30 17
0 19 18
1 16 5
2 21 16
t 301 90
m 30 18
0 19 17
1 16 6
2 21 15
t 300 90
m 30 19
0 19 18
1 16 7
2 21 16
t 299 96
m 30 18
0 19 17
1 16 6
2 21 17
t 298 96
m 30 17
0 19 18
1 16 7
2 21 16
t 297 96
m 30 16
0 19 17
1 16 8
2 21 17
t 296 96
m 30 17
0 19 18
1 16 9
2 21 18
t 295 96
m 30 17
0 19 17
1 16 10
2 21 17
t 294 96
m 30 18
0 19 16
1 16 11
2 21 18
t 293 96
m 30 18
0 18 16
1 16 12
2 21 17
t 292 96
m 30 18
0 19 16
1 16 11
2 21 16
t 291 96
m 30 18
0 19 15
1 16 12
2 21 17
t 290 96
m 30 19
0 19 16
1 17 12
2 21 18
t 289 96
m 29 19
0 19 17
1 16 12
2 21 19
t 288 96
m 28 19
0 19 16
1 16 11
2 22 19
t 287 96
m 27 19
0 19 17
1 16 12
2 21 19
t 286 96
m 28 19
0 19 18
1 15 12
2 20 19
t 285 96
m 28 19
0 19 19
1 14 12
2 21 19
t 284 96
m 28 19
0 20 19
1 13 12
2 21 18
t 283 96
m 28 19
0 21 19
1 14 12
2 21 19
t 282 96
m 28 19
0 21 18
1 15 12
2 21 18
t 281 96
m 29 19
0 21 19
1 14 12
2 21 17
t 280 96
m 28 19
0 20 19
1 13 12
2 21 18
t 279 96
m 28 19
0 19 19
1 14 12
2 21 19
t 278 96
m 28 19
0 19 18
1 13 12
2 22 19
t 277 96
m 28 19
0 19 17
1 14 12
2 21 19
t 276 96
m 27 19
0 19 18
1 13 12
2 22 19
t 275 96
m 26 19
0 19 19
1 13 11
2 23 19
t 274 96
m 26 19
0 20 19
1 13 10
2 24 19
t 273 96
m 27 19
0 19 19
1 13 11
2 23 19
t 272 96
m 26 19
0 20 19
1 13 12
2 22 19
t 271 96
m 27 19
0 21 19
1 14 12
2 23 19
t 270 96
m 28 19
0 21 18
1 13 12
2 22 19
t 269 96
m 27 19
0 21 17
1 13 11
2 21 19
t 268 96
m 26 19
0 21 16
1 13 10
2 22 19
t 267 96
m 27 19
0 21 17
1 13 11
2 23 19
t 266 96
m 28 19
0 21 18
1 13 10
2 22 19
t 265 96
m 28 19
0 21 19
1 12 10
2 23 19
t 264 96
m 29 19
0 20 19
1 12 9
2 22 19
t 263 96
m 28 19
0 19 19
1 12 8
2 23 19
t 262 96
m 28 19
0 20 19
1 12 9
2 22 19
t 261 96
m 28 19
0 19 19
1 12 8
2 21 19
t 260 96
m 29 19
0 20 19
1 12 9
2 22 19
t 259 96
m 29 19
0 21 19
1 12 8
2 23 19
t 258 96
m 29 19
0 21 18
1 12 9
2 24 19
t 257 96
m 29 19
0 21 17
1 12 8
2 23 19
t 256 96
m 28 19
0 21 18
1 12 7
2 24 19
t 255 96
m 28 19
0 21 19
1 12 6
2 23 19
t 254 96
m 29 19
0 20 19
1 13 6
2 24 19
t 253 96
m 30 19
0 21 19
1 14 6
2 23 19
t 252 96
m 29 19
0 20 19
1 13 6
2 22 19
t 251 96
m 30 19
0 19 19
1 12 6
2 23 19
t 250 96
m 30 19
0 20 19
1 12 7
2 24 19
t 249 96
m 30 18
0 19 19
1 12 6
2 25 19
t 248 96
m 30 19
0 20 19
1 13 6
2 26 19
t 247 96
m 30 18
0 21 19
1 14 6
2 25 19
t 246 96
m 30 18
0 20 19
1 13 6
2 26 19
t 245 96
m 30 19
0 19 19
1 12 6
2 25 19
t 244 96
m 31 19
0 20 19
1 13 6
2 24 19
t 243 96
m 31 19
0 19 19
1 12 6
2 23 19
t 242 96
m 32 19
0 19 18
1 13 6
2 24 19
t 241 96
m 31 19
0 19 19
1 14 6
2 25 19
t 240 96
m 30 19
0 20 19
1 15 6
2 25 18
t 239 96
m 30 19
0 19 19
1 15 5
2 25 17
t 238 96
m 30 18
0 19 18
1 16 5
2 25 18
t 237 96
m 30 17
0 19 17
1 17 5
2 25 17
t 236 96
m 30 18
0 19 18
1 16 5
2 25 18
t 235 96
m 30 17
0 19 17
1 16 6
2 25 19
t 234 96
m 30 17
0 19 18
1 15 6
2 24 19
t 233 96
m 30 18
0 19 19
1 14 6
2 23 19
t 232 96
m 30 17
0 19 18
1 13 6
2 22 19
t 231 96
m 30 18
0 19 17
1 14 6
2 21 19
t 230 96
m 30 17
0 19 18
1 15 6
2 22 19
t 229 96
m 30 18
0 19 17
1 16 6
2 23 19
t 228 96
m 30 17
0 19 18
1 15 6
2 22 19
t 227 96
m 30 17
0 19 19
1 15 5
2 21 19
t 226 96
m 30 17
0 19 18
1 15 6
2 22 19
t 225 96
m 30 18
0 19 17
1 16 6
2 23 19
t 224 96
m 30 18
0 19 18
1 15 6
2 24 19
t 223 96
m 30 17
0 19 17
1 14 6
2 25 19
t 222 96
m 30 17
0 19 18
1 13 6
2 25 18
t 221 96
m 30 16
0 19 17
1 12 6
2 25 17
t 220 96
m 30 17
0 19 18
1 13 6
2 26 17
t 219 96
m 30 18
0 19 17
1 12 6
2 25 17
t 218 96
m 30 18
0 19 16
1 12 7
2 25 18
t 217 96
m 30 19
0 19 15
1 12 8
2 25 19
t 216 96
m 31 19
0 19 14
1 12 7
2 26 19
t 215 96
m 31 19
0 19 15
1 12 8
2 27 19
t 214 96
m 32 19
0 19 16
1 12 7
2 27 18
t 213 96
m 31 19
0 19 15
1 12 8
2 27 19
t 212 96
m 31 19
0 19 16
1 12 7
2 28 19
t 211 96
m 30 19
0 18 16
1 12 8
2 29 19
t 210 96
m 30 19
0 19 16
1 12 7
2 28 19
t 209 96
m 30 19
0 18 16
1 12 8
2 29 19
t 208 96
m 30 18
0 19 16
1 12 7
2 28 19
t 207 96
m 30 17
0 19 15
1 12 6
2 27 19
t 206 96
m 30 16
0 19 16
1 13 6
2 28 19
t 205 96
m 30 17
0 18 16
1 14 6
2 27 19
t 204 96
m 29 17
0 17 16
1 13 6
2 28 19
t 203 96
m 30 17
0 18 16
1 12 6
2 27 19
t 202 96
m 30 16
0 17 16
1 12 7
2 27 18
t 201 96
m 30 16
0 16 16
1 12 6
2 27 19
t 200 96
m 30 17
0 17 16
1 12 7
2 28 19
t 199 96
m 30 17
0 18 16
1 12 6
2 29 19
t 198 96
m 30 17
0 17 16
1 13 6
2 28 19
t 197 96
m 30 18
0 18 16
1 14 6
2 29 19
t 196 96
m 30 17
0 19 16
1 13 6
2 28 19
t 195 96
m 29 17
0 19 15
1 12 6
2 29 19
t 194 96
m 29 17
0 19 14
1 12 7
2 28 19
t 193 96
m 29 17
0 19 15
1 12 6
2 27 19
t 192 96
m 28 17
0 19 16
1 13 6
2 27 18
t 191 96
m 28 17
0 18 16
1 14 6
2 27 17
t 190 96
m 28 17
0 17 16
1 13 6
2 28 17
t 189 96
