35
20
m 0 19
0 34 0
1 34 0
2 34 0
w 0 5
w 0 6
w 0 7
w 0 8
w 1 1
w 1 2
w 1 3
w 1 10
w 1 11
w 1 12
w 1 13
w 1 15
w 1 17
w 1 18
w 2 1
w 2 5
w 2 6
w 2 7
w 2 8
w 2 13
w 2 15
w 2 17
w 2 18
w 3 1
w 3 3
w 3 4
w 3 5
w 3 6
w 3 7
w 3 8
w 3 9
w 3 10
w 3 11
w 3 13
w 3 17
w 3 18
w 4 3
w 4 4
w 4 5
w 4 6
w 4 7
w 4 8
w 4 9
w 4 10
w 4 11
w 4 15
w 5 1
w 5 2
w 5 3
w 5 4
w 5 5
w 5 6
w 5 7
w 5 8
w 5 9
w 5 10
w 5 11
w 5 12
w 5 14
w 5 15
w 5 16
w 5 18
w 6 3
w 6 4
w 6 5
w 6 6
w 6 7
w 6 8
w 6 9
w 6 10
w 6 11
w 6 12
w 6 14
w 6 15
w 6 16
w 6 18
w 7 1
w 7 3
w 7 4
w 7 5
w 7 6
w 7 7
w 7 8
w 7 9
w 7 14
w 7 15
w 7 16
w 8 3
w 8 4
w 8 5
w 8 6
w 8 7
w 8 8
w 8 9
w 8 11
w 8 12
w 8 13
w 8 14
w 8 15
w 8 16
w 8 18
w 9 0
w 9 2
w 9 3
w 9 4
w 9 5
w 9 6
w 9 7
w 9 8
w 9 9
w 9 11
w 9 12
w 9 13
w 9 14
w 9 15
w 9 16
w 10 0
w 10 2
w 10 3
w 10 4
w 10 5
w 10 6
w 10 7
w 10 8
w 10 9
w 10 11
w 10 12
w 10 13
w 10 14
w 10 15
w 10 16
w 10 17
w 10 18
w 11 0
w 11 2
w 11 3
w 11 4
w 11 5
w 11 6
w 11 7
w 11 8
w 11 9
w 11 11
w 11 12
w 11 13
w 11 14
w 11 15
w 11 16
w 11 17
w 11 18
w 12 2
w 12 3
w 12 4
w 12 5
w 12 11
w 12 12
w 12 13
w 12 14
w 12 15
w 12 16
w 12 17
w 12 18
w 13 1
w 13 2
w 13 3
w 13 4
w 13 5
w 13 7
w 13 8
w 13 9
w 14 1
w 14 2
w 14 3
w 14 4
w 14 5
w 14 7
w 14 8
w 14 9
w 14 11
w 14 13
w 14 14
w 14 15
w 14 16
w 14 17
w 14 18
w 15 7
w 15 8
w 15 9
w 15 11
w 16 1
w 16 2
w 16 3
w 16 4
w 16 13
w 16 14
w 16 15
w 16 17
w 16 18
w 16 19
w 17 1
w 17 2
w 17 3
w 17 4
w 17 6
w 17 7
w 17 8
w 17 9
w 17 10
w 17 11
w 17 13
w 17 14
w 17 15
w 17 17
w 17 18
w 17 19
w 18 1
w 18 2
w 18 3
w 18 4
w 18 13
w 18 14
w 18 15
w 18 17
w 18 18
w 18 19
w 19 7
w 19 8
w 19 9
w 19 11
w 20 1
w 20 2
w 20 3
w 20 4
w 20 5
w 20 7
w 20 8
w 20 9
w 20 11
w 20 13
w 20 14
w 20 15
w 20 16
w 20 17
w 20 18
w 21 1
w 21 2
w 21 3
w 21 4
w 21 5
w 21 7
w 21 8
w 21 9
w 22 2
w 22 3
w 22 4
w 22 5
w 22 11
w 22 12
w 22 13
w 22 14
w 22 15
w 22 16
w 22 17
w 22 18
w 23 0
w 23 2
w 23 3
w 23 4
w 23 5
w 23 6
w 23 7
w 23 8
w 23 9
w 23 11
w 23 12
w 23 13
w 23 14
w 23 15
w 23 16
w 23 17
w 23 18
w 24 0
w 24 2
w 24 3
w 24 4
w 24 5
w 24 6
w 24 7
w 24 8
w 24 9
w 24 11
w 24 12
w 24 13
w 24 14
w 24 15
w 24 16
w 24 17
w 24 18
w 25 0
w 25 2
w 25 3
w 25 4
w 25 5
w 25 6
w 25 7
w 25 8
w 25 9
w 25 11
w 25 12
w 25 13
w 25 14
w 25 15
w 25 16
w 26 3
w 26 4
w 26 5
w 26 6
w 26 7
w 26 8
w 26 9
w 26 11
w 26 12
w 26 13
w 26 14
w 26 15
w 26 16
w 26 18
w 27 1
w 27 3
w 27 4
w 27 5
w 27 6
w 27 7
w 27 8
w 27 9
w 27 14
w 27 15
w 27 16
w 28 3
w 28 4
w 28 5
w 28 6
w 28 7
w 28 8
w 28 9
w 28 10
w 28 11
w 28 12
w 28 14
w 28 15
w 28 16
w 28 18
w 29 1
w 29 2
w 29 3
w 29 4
w 29 5
w 29 6
w 29 7
w 29 8
w 29 9
w 29 10
w 29 11
w 29 12
w 29 14
w 29 15
w 29 16
w 29 18
w 30 3
w 30 4
w 30 5
w 30 6
w 30 7
w 30 8
w 30 9
w 30 10
w 30 11
w 30 15
w 31 1
w 31 3
w 31 4
w 31 5
w 31 6
w 31 7
w 31 8
w 31 9
w 31 10
w 31 11
w 31 13
w 31 17
w 31 18
w 32 1
w 32 5
w 32 6
w 32 7
w 32 8
w 32 13
w 32 15
w 32 17
w 32 18
w 33 1
w 33 2
w 33 3
w 33 10
w 33 11
w 33 12
w 33 13
w 33 15
w 33 17
w 33 18
w 34 5
w 34 6
w 34 7
w 34 8
p 0 0
p 21 13
p 17 0
p 34 16
p 1 8
p 19 6
p 24 19
p 30 19
p 6 13
p 15 6
p 27 19
p 9 17
p 3 15
p 13 11
p 33 4
t 1400 0
m 0 18
0 33 0
1 34 1
2 34 1
f 21 12
t 1399 0
m 0 18
0 32 0
1 34 0
2 34 2
t 1398 0
m 0 18
0 31 0
1 33 0
2 34 1
t 1397 0
m 0 19
0 30 0
1 32 0
2 34 2
t 1396 0
m 0 18
0 31 0
1 31 0
2 34 1
t 1395 0
m 0 17
0 30 0
1 30 0
2 34 2
t 1394 0
m 0 16
0 30 1
1 30 1
2 34 1
t 1393 0
m 0 15
0 30 0
1 30 2
2 34 2
t 1392 0
m 0 15
0 31 0
1 31 2
2 34 3
t 1391 0
m 0 15
0 30 0
1 32 2
2 34 4
t 1390 0
m 0 15
0 31 0
1 32 3
2 34 3
t 1389 0
m 0 16
0 30 0
1 32 4
2 34 4
t 1388 0
m 0 15
0 31 0
1 32 3
2 33 4
t 1387 0
m 0 16
0 30 0
1 32 4
2 32 4
t 1386 0
m 0 16
0 31 0
1 33 4
2 33 4
t 1385 0
m 0 15
0 32 0
1 33 5
2 34 4
t 1384 0
m 0 16
0 31 0
1 33 6
2 33 4
t 1383 0
m 0 15
0 32 0
1 33 5
2 32 4
t 1382 0
m 0 15
0 31 0
1 33 4
2 32 3
t 1381 0
m 0 16
0 30 0
1 33 5
2 32 2
t 1380 0
m 1 16
0 30 1
1 33 4
2 32 3
t 1379 0
m 1 16
0 30 2
1 34 4
2 32 4
t 1378 0
m 2 16
0 31 2
1 33 4
2 32 3
t 1377 0
m 1 16
0 30 2
1 34 4
2 32 2
t 1376 0
m 1 16
0 30 1
1 34 3
2 32 3
t 1375 0
m 2 16
0 30 2
1 34 2
2 32 4
t 1374 0
m 3 16
0 31 2
1 34 3
2 33 4
t 1373 0
m 4 16
0 32 2
1 34 2
2 34 4
t 1372 0
m 4 17
0 32 3
1 34 3
2 33 4
t 1371 0
m 4 18
0 32 4
1 34 2
2 32 4
t 1370 0
m 4 17
0 32 3
1 34 3
2 33 4
t 1369 0
m 5 17
0 32 4
1 34 2
2 34 4
t 1368 0
m 4 17
0 32 3
1 34 1
2 34 3
t 1367 0
m 4 17
0 32 2
1 34 2
2 34 2
t 1366 0
m 4 16
0 32 3
1 34 1
2 34 3
t 1365 0
m 4 16
0 32 2
1 34 0
2 34 4
t 1364 0
m 4 16
0 31 2
1 33 0
2 33 4
t 1363 0
m 4 17
0 30 2
1 34 0
2 32 4
t 1362 0
m 4 18
0 31 2
1 33 0
2 33 4
t 1361 0
m 4 19
0 30 2
1 34 0
2 32 4
t 1360 0
m 4 19
0 30 1
1 34 1
2 32 3
t 1359 0
m 4 18
0 30 0
1 34 0
2 32 2
t 1358 0
m 4 19
0 30 1
1 33 0
2 32 3
t 1357 0
m 4 18
0 30 0
1 32 0
2 32 4
t 1356 0
m 4 19
0 29 0
1 33 0
2 32 3
t 1355 0
m 3 19
0 30 0
1 34 0
2 32 4
t 1354 0
m 2 19
0 31 0
1 33 0
2 33 4
t 1353 0
m 3 19
0 32 0
1 34 0
2 33 5
t 1352 0
m 2 19
0 33 0
1 33 0
2 33 6
t 1351 0
m 2 19
0 32 0
1 34 0
2 33 5
t 1350 0
m 2 19
0 33 0
1 33 0
2 33 6
t 1349 0
m 1 19
0 32 0
1 34 0
2 33 5
t 1348 0
m 2 19
0 31 0
1 34 1
2 33 6
t 1347 0
m 3 19
0 30 0
1 34 2
2 33 7
t 1346 0
m 4 19
0 29 0
1 34 3
2 33 6
t 1345 0
m 4 18
0 28 0
1 34 2
2 33 5
t 1344 0
m 4 18
0 29 0
1 34 3
2 33 4
t 1343 0
m 4 19
0 28 0
1 34 2
2 32 4
t 1342 0
m 5 19
0 29 0
1 34 3
2 32 3
t 1341 0
m 4 19
0 30 0
1 34 2
2 32 4
t 1340 0
m 4 18
0 31 0
1 34 3
2 33 4
t 1339 0
m 4 18
0 32 0
1 34 2
2 34 4
t 1338 0
m 4 19
0 33 0
1 34 3
2 34 3
t 1337 0
m 5 19
0 34 0
1 34 4
2 34 2
t 1336 0
m 6 19
0 34 1
1 34 3
2 34 1
t 1335 0
m 6 19
0 34 0
1 34 2
2 34 2
t 1334 0
m 5 19
0 34 1
1 34 3
2 34 1
t 1333 0
m 6 19
0 34 0
1 34 2
2 34 2
t 1332 0
m 7 19
0 33 0
1 34 3
2 34 1
t 1331 0
m 7 18
0 34 0
1 34 4
2 34 2
t 1330 0
m 7 19
0 34 1
1 33 4
2 34 1
t 1329 0
m 7 19
0 34 2
1 32 4
2 34 2
t 1328 0
m 8 19
0 34 1
1 32 3
2 34 1
t 1327 0
m 8 19
0 34 2
1 32 4
2 34 2
t 1326 0
m 9 19
0 34 3
1 32 3
2 34 3
t 1325 0
m 9 18
0 34 2
1 32 2
2 34 4
t 1324 0
m 9 17
0 34 3
1 31 2
2 34 3
t 1323 6
m 8 17
0 34 2
1 32 2
2 34 4
t 1322 6
m 9 17
0 34 3
1 32 3
2 34 3
t 1321 6
m 9 17
0 34 4
1 32 4
2 34 2
t 1320 6
m 9 17
0 34 3
1 32 3
2 34 1
t 1319 6
m 9 18
0 34 2
1 32 4
2 34 2
t 1318 6
m 9 18
0 34 3
1 33 4
2 34 1
t 1317 6
m 9 19
0 34 2
1 32 4
2 34 2
t 1316 6
m 9 18
0 34 1
1 33 4
2 34 3
t 1315 6
m 9 18
0 34 0
1 33 5
2 34 4
t 1314 6
m 9 19
0 33 0
1 33 4
2 33 4
t 1313 6
m 8 19
0 34 0
1 33 5
2 32 4
t 1312 6
m 8 19
0 33 0
1 33 4
2 32 3
t 1311 6
m 7 19
0 34 0
1 34 4
2 32 4
t 1310 6
m 6 19
0 33 0
1 34 3
2 32 3
t 1309 6
m 5 19
0 34 0
1 34 4
2 32 4
t 1308 6
m 4 19
0 33 0
1 34 3
2 33 4
t 1307 6
m 3 19
0 32 0
1 34 2
2 33 5
t 1306 6
m 2 19
0 31 0
1 34 3
2 33 6
t 1305 6
m 3 19
0 30 0
1 34 2
2 33 7
t 1304 6
m 4 19
0 29 0
1 34 1
2 33 6
t 1303 6
m 5 19
0 30 0
1 34 2
2 33 5
t 1302 6
m 5 19
0 31 0
1 34 3
2 33 6
t 1301 6
m 4 19
0 30 0
1 34 2
2 33 5
t 1300 6
m 5 19
0 31 0
1 34 1
2 33 6
t 1299 6
m 5 19
0 30 0
1 34 0
2 33 5
t 1298 6
m 5 19
0 30 1
1 33 0
2 33 4
t 1297 6
m 6 19
0 30 2
1 34 0
2 33 5
t 1296 6
m 7 19
0 30 1
1 33 0
2 33 6
t 1295 6
m 6 19
0 30 2
1 32 0
2 33 5
t 1294 6
m 7 19
0 30 1
1 33 0
2 33 4
t 1293 6
m 8 19
0 30 0
1 34 0
2 34 4
t 1292 6
m 9 19
0 31 0
1 34 1
2 34 3
t 1291 6
m 9 18
0 32 0
1 34 2
2 34 4
t 1290 6
m 9 18
0 31 0
1 34 3
2 34 3
t 1289 6
m 9 18
0 30 0
1 34 4
2 34 4
t 1288 6
m 9 18
0 30 1
1 33 4
2 33 4
t 1287 6
m 9 19
0 30 0
1 34 4
2 34 4
t 1286 6
m 8 19
0 29 0
1 34 3
2 34 3
t 1285 6
m 8 19
0 30 0
1 34 4
2 34 2
t 1284 6
m 8 19
0 31 0
1 34 3
2 34 3
t 1283 6
m 8 19
0 32 0
1 34 4
2 34 2
t 1282 6
m 7 19
0 31 0
1 33 4
2 34 1
t 1281 6
m 7 18
0 30 0
1 34 4
2 34 0
t 1280 6
m 7 19
0 30 1
1 33 4
2 33 0
t 1279 6
m 7 19
0 30 2
1 33 5
2 32 0
t 1278 6
m 8 19
0 30 1
1 33 4
2 31 0
t 1277 6
m 9 19
0 30 2
1 33 5
2 32 0
t 1276 6
m 8 19
0 31 2
1 33 6
2 33 0
t 1275 6
m 7 19
0 30 2
1 33 7
2 32 0
t 1274 6
m 8 19
0 31 2
1 33 6
2 31 0
t 1273 6
m 8 19
0 30 2
1 33 5
2 32 0
t 1272 6
m 8 19
0 31 2
1 33 6
2 31 0
t 1271 6
m 7 19
0 32 2
1 33 5
2 32 0
t 1270 6
m 7 19
0 32 3
1 33 4
2 33 0
t 1269 6
m 8 19
0 32 2
1 33 5
2 32 0
t 1268 6
m 8 19
0 31 2
1 33 4
2 33 0
t 1267 6
m 7 19
0 30 2
1 33 5
2 32 0
t 1266 6
m 6 19
0 30 1
1 33 6
2 31 0
t 1265 6
m 5 19
0 30 0
1 33 5
2 30 0
t 1264 6
m 5 19
0 29 0
1 33 6
2 31 0
t 1263 6
m 6 19
0 30 0
1 33 5
2 32 0
t 1262 6
m 6 19
0 30 1
1 33 6
2 33 0
t 1261 6
m 5 19
0 30 2
1 33 7
2 32 0
t 1260 6
m 6 19
0 31 2
1 33 6
2 33 0
t 1259 6
m 6 19
0 32 2
1 33 5
2 34 0
t 1258 6
m 6 19
0 32 3
1 33 6
2 34 1
t 1257 6
m 6 19
0 32 4
1 33 5
2 34 2
t 1256 6
m 5 19
0 33 4
1 33 4
2 34 3
t 1255 6
m 6 19
0 33 5
1 33 5
2 34 2
t 1254 6
m 6 19
0 33 6
1 33 6
2 34 3
t 1253 6
m 5 19
0 33 7
1 33 5
2 34 2
t 1252 6
m 5 19
0 33 6
1 33 6
2 34 1
t 1251 6
m 5 19
0 33 5
1 33 5
2 34 2
t 1250 6
m 5 19
0 33 6
1 33 4
2 34 1
t 1249 6
m 4 19
0 33 5
1 32 4
2 34 0
t 1248 6
m 3 19
0 33 4
1 33 4
2 33 0
t 1247 6
m 2 19
0 33 5
1 33 5
2 32 0
t 1246 6
m 3 19
0 33 6
1 33 6
2 31 0
t 1245 6
m 4 19
0 33 7
1 33 7
2 32 0
t 1244 6
m 4 18
0 33 8
1 33 6
2 33 0
t 1243 6
m 4 18
0 33 7
1 33 7
2 32 0
t 1242 6
m 4 17
0 33 8
1 33 8
2 33 0
t 1241 6
m 4 16
0 33 7
1 33 9
2 32 0
t 1240 6
m 3 16
0 33 8
1 32 9
2 31 0
t 1239 6
m 3 15
0 33 9
1 33 9
2 30 0
t 1238 13
m 3 14
0 34 9
1 33 8
2 30 1
t 1237 13
m 3 15
0 34 10
1 33 9
2 30 0
t 1236 13
m 3 15
0 34 9
1 33 8
2 31 0
t 1235 13
m 3 16
0 33 9
1 33 9
2 32 0
t 1234 13
m 3 16
0 32 9
1 33 8
2 31 0
t 1233 13
m 3 16
0 33 9
1 33 9
2 32 0
t 1232 13
m 3 16
0 33 8
1 34 9
2 33 0
t 1231 13
m 3 16
0 33 9
1 34 10
2 34 0
t 1230 13
m 3 15
0 32 9
1 34 9
2 34 1
t 1229 13
m 3 15
0 32 10
1 34 10
2 34 2
t 1228 13
m 3 14
0 32 11
1 34 11
2 34 1
t 1227 13
m 3 14
0 32 12
1 34 10
2 34 2
t 1226 13
m 3 14
0 31 12
1 34 11
2 34 3
t 1225 13
m 3 14
0 30 12
1 34 12
2 34 4
t 1224 13
m 3 15
0 30 13
1 34 13
2 33 4
t 1223 13
m 3 16
0 29 13
1 34 14
2 34 4
t 1222 13
m 4 16
0 30 13
1 34 13
2 33 4
t 1221 13
m 4 16
0 30 12
1 34 12
2 33 5
t 1220 13
m 3 16
0 30 13
1 34 11
2 33 6
t 1219 13
m 3 16
0 30 14
1 34 12
2 33 5
t 1218 13
m 3 16
0 30 13
1 34 11
2 33 4
t 1217 13
m 4 16
0 29 13
1 34 10
2 33 5
t 1216 13
m 3 16
0 30 13
1 34 9
2 33 4
t 1215 13
m 3 16
0 29 13
1 33 9
2 34 4
t 1214 13
m 3 16
0 30 13
1 34 9
2 34 3
t 1213 13
m 3 15
0 30 12
1 34 10
2 34 4
t 1212 13
m 3 16
0 31 12
1 34 9
2 33 4
t 1211 13
m 4 16
0 30 12
1 34 10
2 33 5
t 1210 13
m 3 16
0 31 12
1 34 11
2 33 6
t 1209 13
m 3 15
0 30 12
1 34 12
2 33 5
t 1208 13
m 3 15
0 30 13
1 34 13
2 33 6
t 1207 13
m 3 15
0 29 13
1 34 12
2 33 7
t 1206 13
m 3 16
0 28 13
1 34 11
2 33 8
t 1205 13
m 3 16
0 27 13
1 34 10
2 33 7
t 1204 13
m 2 16
0 28 13
1 34 9
2 33 8
t 1203 13
m 1 16
0 29 13
1 34 10
2 33 7
t 1202 13
m 2 16
0 28 13
1 34 11
2 33 8
t 1201 13
m 2 16
0 29 13
1 34 12
2 33 7
t 1200 13
m 2 16
0 28 13
1 34 11
2 33 8
t 1199 13
m 2 16
0 29 13
1 34 12
2 33 9
t 1198 13
m 3 16
0 28 13
1 34 11
2 32 9
t 1197 13
m 4 16
0 27 13
1 34 12
2 32 10
t 1196 13
m 4 16
0 28 13
1 34 13
2 32 11
t 1195 13
m 4 17
0 29 13
1 34 12
2 32 12
t 1194 13
m 4 18
0 28 13
1 34 13
2 31 12
t 1193 13
m 4 18
0 27 13
1 34 14
2 32 12
t 1192 13
m 4 17
0 27 12
1 33 14
2 31 12
t 1191 13
m 4 16
0 27 11
1 34 14
2 32 12
t 1190 13
m 4 17
0 27 10
1 33 14
2 31 12
t 1189 13
m 4 18
0 27 11
1 32 14
2 32 12
t 1188 13
m 4 17
0 27 10
1 33 14
2 32 11
t 1187 13
m 4 18
0 27 11
1 34 14
2 32 12
t 1186 13
m 4 18
0 27 12
1 34 15
2 31 12
t 1185 13
m 4 18
0 27 11
1 34 16
2 30 12
t 1184 13
m 4 18
0 27 12
1 33 16
2 31 12
t 1183 13
m 4 19
0 27 13
1 32 16
2 32 12
t 1182 13
m 5 19
0 27 12
1 31 16
2 32 11
t 1181 13
m 6 19
0 27 13
1 32 16
2 32 10
t 1180 13
m 5 19
0 28 13
1 31 16
2 32 9
t 1179 13
m 4 19
0 27 13
1 32 16
2 33 9
t 1178 13
m 4 18
0 28 13
1 31 16
2 34 9
t 1177 13
m 4 19
0 29 13
1 30 16
2 34 10
t 1176 13
m 5 19
0 28 13
1 30 17
2 34 9
t 1175 13
m 6 19
0 29 13
1 29 17
2 34 10
t 1174 13
m 6 19
0 28 13
1 30 17
2 34 11
t 1173 13
m 6 19
0 29 13
1 29 17
2 34 12
t 1172 13
m 7 19
0 28 13
1 30 17
2 34 11
t 1171 13
m 8 19
0 29 13
1 30 16
2 34 12
t 1170 13
m 9 19
0 28 13
1 31 16
2 34 11
t 1169 13
m 9 18
0 29 13
1 32 16
2 34 12
t 1168 13
m 9 19
0 28 13
1 31 16
2 34 11
t 1167 13
m 9 19
0 27 13
1 30 16
2 34 10
t 1166 13
m 9 18
0 27 12
1 30 17
2 34 11
t 1165 13
m 9 17
0 27 13
1 29 17
2 34 10
t 1164 13
m 9 17
0 28 13
1 28 17
2 34 11
t 1163 13
m 8 17
0 29 13
1 29 17
2 34 10
t 1162 13
m 7 17
0 28 13
1 28 17
2 34 9
t 1161 13
m 6 17
0 29 13
1 27 17
2 34 10
t 1160 13
m 6 17
0 28 13
1 27 18
2 34 11
t 1159 13
m 6 17
0 29 13
1 27 17
2 34 12
t 1158 13
m 7 17
0 28 13
1 27 18
2 34 13
t 1157 13
m 8 17
0 27 13
1 27 17
2 34 12
t 1156 13
m 9 17
0 28 13
1 26 17
2 34 11
t 1155 13
m 9 17
0 29 13
1 27 17
2 34 10
t 1154 13
m 9 17
0 30 13
1 26 17
2 34 9
t 1153 13
m 8 17
0 30 12
1 27 17
2 33 9
t 1152 13
m 7 17
0 31 12
1 27 18
2 33 8
t 1151 13
m 7 18
0 30 12
1 27 17
2 33 9
t 1150 13
m 7 18
0 31 12
1 27 18
2 34 9
t 1149 13
m 7 18
0 32 12
1 27 19
2 34 10
t 1148 13
m 7 19
0 32 11
1 26 19
2 34 9
t 1147 13
m 6 19
0 32 12
1 25 19
2 33 9
t 1146 13
m 6 19
0 32 11
1 26 19
2 32 9
t 1145 13
m 7 19
0 32 10
1 25 19
2 32 10
t 1144 13
m 7 19
0 32 9
1 24 19
2 32 9
t 1143 13
m 8 19
0 33 9
1 23 19
2 33 9
t 1142 13
m 7 19
0 32 9
1 22 19
2 32 9
t 1141 13
m 6 19
0 32 10
1 21 19
2 32 10
t 1140 13
m 5 19
0 32 11
1 22 19
2 32 11
t 1139 13
m 4 19
0 32 10
1 21 19
2 32 10
t 1138 13
m 4 18
0 32 9
1 21 18
2 32 9
t 1137 13
m 4 17
0 32 10
1 21 17
2 33 9
t 1136 13
m 4 17
0 32 9
1 21 18
2 32 9
t 1135 13
m 5 17
0 32 10
1 21 17
2 32 10
t 1134 13
m 4 17
0 32 11
1 21 18
2 32 11
t 1133 13
m 4 18
0 32 10
1 21 17
2 32 12
t 1132 13
m 4 19
0 32 11
1 21 16
2 32 11
t 1131 13
m 4 18
0 32 12
1 21 17
2 32 10
t 1130 13
m 4 18
0 31 12
1 21 16
2 32 11
t 1129 13
m 4 19
0 30 12
1 21 17
2 32 12
t 1128 13
m 5 19
0 30 13
1 21 16
2 32 11
t 1127 13
m 6 19
0 30 12
1 21 15
2 32 10
t 1126 13
m 5 19
0 31 12
1 21 14
2 32 11
t 1125 13
m 4 19
0 30 12
1 21 13
2 32 12
t 1124 13
m 4 18
0 31 12
1 21 14
2 32 11
t 1123 13
m 4 18
0 30 12
1 21 13
2 32 10
t 1122 13
m 4 17
0 31 12
1 21 14
2 32 9
t 1121 13
m 4 16
0 30 12
1 21 15
2 33 9
t 1120 13
m 4 17
0 30 13
1 21 16
2 34 9
t 1119 13
m 4 18
0 30 14
1 21 15
2 33 9
t 1118 13
m 4 18
0 31 14
1 21 14
2 32 9
t 1117 13
m 4 17
0 31 15
1 21 13
2 32 10
t 1116 13
m 4 17
0 31 16
1 21 12
2 32 9
t 1115 13
m 4 18
0 30 16
1 20 12
2 32 10
t 1114 13
m 4 18
0 30 17
1 21 12
2 32 11
t 1113 13
m 4 19
0 30 18
1 21 13
2 32 12
t 1112 13
m 4 18
0 30 17
1 21 14
2 31 12
t 1111 13
m 4 18
0 29 17
1 21 13
2 30 12
t 1110 13
m 4 19
0 28 17
1 21 12
2 31 12
t 1109 13
m 4 19
0 27 17
1 21 13
2 32 12
t 1108 13
m 4 19
0 27 18
1 21 12
2 32 11
t 1107 13
m 3 19
0 27 19
1 20 12
2 32 12
t 1106 13
m 4 19
0 27 18
1 19 12
2 31 12
t 1105 13
m 5 19
0 27 17
1 19 13
2 32 12
t 1104 13
m 4 19
0 26 17
1 19 12
2 32 11
t 1103 13
m 4 19
0 27 17
1 18 12
2 32 12
t 1102 13
m 5 19
0 26 17
1 18 11
2 32 11
t 1101 13
m 4 19
0 25 17
1 18 10
2 32 12
t 1100 13
m 4 18
0 26 17
1 18 9
2 31 12
t 1099 13
m 4 17
0 27 17
1 18 8
2 32 12
t 1098 13
m 4 17
0 27 18
1 18 7
2 32 11
t 1097 13
m 5 17
0 27 19
1 18 8
2 32 10
t 1096 13
m 5 17
0 27 18
1 18 9
2 32 9
t 1095 13
m 5 17
0 27 17
1 18 8
2 33 9
t 1094 13
m 5 17
0 26 17
1 18 9
2 32 9
t 1093 13
m 4 17
0 25 17
1 18 8
2 33 9
t 1092 13
m 4 16
0 26 17
1 18 7
2 34 9
t 1091 13
m 4 16
0 27 17
1 18 8
2 33 9
t 1090 13
m 3 16
0 26 17
1 18 9
2 32 9
t 1089 13
m 4 16
0 27 17
1 18 10
2 33 9
t 1088 13
m 4 16
0 27 18
1 18 9
2 34 9
t 1087 13
m 3 16
0 27 19
1 18 10
2 33 9
t 1086 13
m 2 16
0 28 19
1 18 11
2 33 8
t 1085 13
m 1 16
0 27 19
1 18 10
2 33 9
t 1084 13
m 1 16
0 27 18
1 19 10
2 32 9
t 1083 13
m 1 16
0 27 17
1 20 10
2 33 9
t 1082 13
m 2 16
0 28 17
1 19 10
2 33 8
t 1081 13
m 3 16
0 29 17
1 20 10
2 33 9
t 1080 13
m 2 16
0 28 17
1 21 10
2 34 9
t 1079 13
m 3 16
0 27 17
1 22 10
2 34 10
t 1078 13
m 2 16
0 27 18
1 23 10
2 34 11
t 1077 13
m 3 16
0 27 17
1 24 10
2 34 10
t 1076 13
m 4 16
0 27 18
1 23 10
2 34 9
t 1075 13
m 4 16
0 27 19
1 24 10
2 33 9
t 1074 13
m 3 16
0 26 19
1 25 10
2 32 9
t 1073 13
m 2 16
0 27 19
1 26 10
2 33 9
t 1072 13
m 1 16
0 27 18
1 27 10
2 33 8
t 1071 13
m 2 16
0 27 17
1 27 11
2 33 9
t 1070 13
m 3 16
0 26 17
1 27 12
2 34 9
t 1069 13
m 2 16
0 25 17
1 27 13
2 34 10
t 1068 13
m 3 16
0 26 17
1 27 12
2 34 11
t 1067 13
m 4 16
0 25 17
1 27 11
2 34 12
t 1066 13
m 3 16
0 26 17
1 27 12
2 34 13
t 1065 13
m 4 16
0 27 17
1 27 11
2 34 12
t 1064 13
m 4 17
0 26 17
1 27 10
2 34 13
t 1063 13
m 4 16
0 27 17
1 27 11
2 34 14
t 1062 13
m 3 16
0 28 17
1 27 10
2 34 13
t 1061 13
m 3 15
0 27 17
1 26 10
2 34 12
t 1060 13
m 3 16
0 28 17
1 25 10
2 34 13
t 1059 13
m 3 16
0 29 17
1 26 10
2 34 14
t 1058 13
m 3 16
0 28 17
1 27 10
2 33 14
t 1057 13
m 3 15
0 29 17
1 26 10
2 32 14
t 1056 13
m 3 14
0 28 17
1 27 10
2 33 14
t 1055 13
m 2 14
0 27 17
1 26 10
2 34 14
t 1054 13
m 3 14
0 27 18
1 27 10
2 34 13
t 1053 13
m 4 14
0 27 19
1 26 10
2 34 12
t 1052 13
m 4 14
0 26 19
1 25 10
2 34 11
t 1051 13
m 4 14
0 25 19
1 24 10
2 34 10
t 1050 13
m 4 13
0 26 19
1 23 10
2 34 9
t 1049 13
m 4 14
0 25 19
1 22 10
2 33 9
t 1048 13
m 3 14
0 24 19
1 23 10
2 32 9
t 1047 13
m 4 14
0 23 19
1 22 10
2 33 9
t 1046 13
m 4 13
0 22 19
1 21 10
2 33 8
t 1045 13
m 5 13
0 21 19
1 21 11
2 33 7
t 1044 13
m 4 13
0 20 19
1 21 12
2 33 8
t 1043 13
m 5 13
0 19 19
1 21 11
2 33 9
t 1042 13
m 4 13
0 19 18
1 21 12
2 32 9
t 1041 13
m 4 13
0 19 19
1 21 13
2 32 10
t 1040 13
m 4 13
0 20 19
1 21 14
2 32 11
t 1039 13
m 4 12
0 21 19
1 21 13
2 32 12
t 1038 13
m 4 12
0 20 19
1 21 14
2 31 12
t 1037 13
m 4 13
0 19 19
1 21 15
2 30 12
t 1036 13
m 4 12
0 19 18
1 21 14
2 31 12
t 1035 13
m 3 12
0 19 19
1 21 13
2 32 12
t 1034 13
m 3 12
0 20 19
1 21 12
2 32 11
t 1033 13
m 4 12
0 21 19
1 20 12
2 32 10
t 1032 13
m 4 13
0 20 19
1 19 12
2 32 9
t 1031 13
m 5 13
0 19 19
1 19 13
2 32 10
t 1030 13
m 6 13
0 20 19
1 19 12
2 32 11
t 1029 20
m 5 13
0 19 19
1 20 12
2 32 12
t 1028 20
m 6 13
0 19 18
1 19 12
2 32 11
t 1027 20
m 6 13
0 19 19
1 20 12
2 32 10
t 1026 20
m 5 13
0 20 19
1 21 12
2 32 11
t 1025 20
m 6 13
0 19 19
1 21 11
2 32 12
t 1024 20
m 5 13
0 20 19
1 21 10
2 32 11
t 1023 20
m 5 13
0 21 19
1 20 10
2 32 12
t 1022 20
m 4 13
0 22 19
1 19 10
2 31 12
t 1021 20
m 4 14
0 21 19
1 18 10
2 32 12
t 1020 20
m 4 13
0 21 18
1 18 9
2 32 11
t 1019 20
m 4 12
0 21 17
1 18 8
2 32 10
t 1018 20
m 4 13
0 21 16
1 18 9
2 32 9
t 1017 20
m 5 13
0 21 17
1 18 8
2 33 9
t 1016 20
m 4 13
0 21 18
1 18 9
2 32 9
t 1015 20
m 5 13
0 21 17
1 18 10
2 33 9
t 1014 20
m 6 13
0 21 18
1 18 11
2 33 8
t 1013 20
m 5 13
0 21 19
1 18 12
2 33 9
t 1012 20
m 4 13
0 20 19
1 18 11
2 34 9
t 1011 20
m 5 13
0 19 19
1 18 12
2 33 9
t 1010 20
m 5 13
0 20 19
1 18 11
2 33 8
t 1009 20
m 5 13
0 21 19
1 18 10
2 33 7
t 1008 20
m 5 13
0 21 18
1 18 11
2 33 6
t 1007 20
m 6 13
0 21 19
1 18 12
2 33 5
t 1006 20
m 6 13
0 20 19
1 17 12
2 33 6
t 1005 20
m 6 13
0 19 19
1 18 12
2 33 7
t 1004 20
m 6 13
0 20 19
1 19 12
2 33 6
t 1003 20
m 5 13
0 19 19
1 18 12
2 33 7
t 1002 20
m 5 13
0 20 19
1 17 12
2 33 8
t 1001 20
m 5 13
0 19 19
1 16 12
2 33 7
t 1000 20
m 4 13
0 20 19
1 17 12
2 33 8
t 999 20
m 5 13
0 21 19
1 18 12
2 33 9
t 998 20
m 5 13
0 21 18
1 19 12
2 33 8
t 997 20
m 4 13
0 21 17
1 20 12
2 33 9
t 996 20
m 5 13
0 21 18
1 19 12
2 34 9
t 995 20
m 4 13
0 21 19
1 18 12
2 34 10
t 994 20
m 5 13
0 20 19
1 17 12
2 34 9
t 993 20
m 6 13
0 19 19
1 18 12
2 34 10
t 992 20
m 7 13
0 19 18
1 19 12
2 34 11
t 991 20
m 6 13
0 19 19
1 18 12
2 34 10
t 990 20
m 7 13
0 19 18
1 19 12
2 34 9
t 989 20
m 7 12
0 19 17
1 18 12
2 33 9
t 988 20
m 7 12
0 19 18
1 18 11
2 33 8
t 987 20
m 7 12
0 19 17
1 18 12
2 33 9
t 986 20
m 7 13
0 19 16
1 19 12
2 34 9
t 985 20
m 7 13
0 19 17
1 18 12
2 34 10
t 984 20
m 7 12
0 19 16
1 19 12
2 34 9
t 983 20
m 7 13
0 18 16
1 20 12
2 34 10
t 982 20
m 7 12
0 19 16
1 19 12
2 34 11
t 981 20
m 7 12
0 18 16
1 19 13
2 34 10
t 980 20
m 7 13
0 19 16
1 19 12
2 34 11
t 979 20
m 6 13
0 18 16
1 18 12
2 34 12
t 978 20
m 5 13
0 17 16
1 19 12
2 34 13
t 977 20
m 4 13
0 16 16
1 20 12
2 34 14
t 976 20
m 5 13
0 17 16
1 21 12
2 34 15
t 975 20
m 5 13
0 18 16
1 21 11
2 34 14
t 974 20
m 4 13
0 17 16
1 21 10
2 34 15
t 973 20
m 5 13
0 18 16
1 22 10
2 34 16
t 972 20
m 6 13
0 17 16
1 21 10
2 33 16
t 971 20
m 6 13
0 16 16
1 22 10
2 34 16
t 970 20
m 5 13
0 17 16
1 23 10
2 34 17
t 969 20
m 6 13
0 16 16
1 22 10
2 34 18
t 968 20
m 6 13
0 15 16
1 21 10
2 34 17
t 967 20
m 5 13
0 15 15
1 22 10
2 34 16
t 966 20
m 6 13
0 15 14
1 23 10
2 33 16
t 965 20
m 5 13
0 15 13
1 22 10
2 34 16
t 964 20
m 5 13
0 15 14
1 22 9
2 34 15
t 963 20
m 6 13
0 15 13
1 22 10
2 34 14
t 962 20
m 5 13
0 15 14
1 23 10
2 34 15
t 961 20
m 6 13
0 15 15
1 22 10
2 34 16
t 960 20
m 5 13
0 15 16
1 23 10
2 34 15
t 959 20
m 5 13
0 15 15
1 22 10
2 34 16
t 958 20
m 6 13
0 15 14
1 23 10
2 34 15
t 957 20
m 6 13
0 15 15
1 22 10
2 34 16
t 956 20
m 7 13
0 15 16
1 22 9
2 33 16
t 955 20
m 7 13
0 15 17
1 22 10
2 32 16
t 954 20
m 7 13
0 15 16
1 23 10
2 31 16
t 953 20
m 6 13
0 15 15
1 24 10
2 30 16
t 952 20
m 7 13
0 15 16
1 23 10
2 31 16
t 951 20
m 7 13
0 16 16
1 22 10
2 30 16
t 950 20
m 6 13
0 17 16
1 23 10
2 31 16
t 949 20
m 6 13
0 18 16
1 24 10
2 30 16
t 948 20
m 7 13
0 19 16
1 23 10
2 30 17
t 947 20
m 7 12
0 19 15
1 22 10
2 30 18
t 946 20
m 7 11
0 19 16
1 23 10
2 30 19
t 945 20
m 7 11
0 19 17
1 24 10
2 29 19
t 944 20
m 7 11
0 19 18
1 25 10
2 28 19
t 943 20
m 7 12
0 19 19
1 24 10
2 27 19
t 942 20
m 7 11
0 19 18
1 25 10
2 27 18
t 941 20
m 7 10
0 19 17
1 24 10
2 27 19
t 940 20
m 8 10
0 19 16
1 25 10
2 27 18
t 939 20
m 8 10
0 19 15
1 26 10
2 27 19
t 938 20
m 7 10
0 19 16
1 27 10
2 28 19
t 937 20
m 7 11
0 19 17
1 26 10
2 27 19
t 936 20
m 7 10
0 19 18
1 27 10
2 26 19
t 935 20
m 7 10
0 19 19
1 26 10
2 25 19
t 934 20
m 7 11
0 19 18
1 25 10
2 25 18
t 933 20
m 7 11
0 19 19
1 26 10
2 25 17
t 932 20
m 7 10
0 20 19
1 27 10
2 26 17
t 931 20
m 7 11
0 21 19
1 27 11
2 27 17
t 930 20
m 7 10
0 20 19
1 27 12
2 28 17
t 929 20
m 8 10
0 19 19
1 27 13
2 27 17
t 928 20
m 9 10
0 19 18
1 28 13
2 26 17
t 927 20
m 10 10
0 19 17
1 27 13
2 27 17
t 926 20
m 9 10
0 19 18
1 27 12
2 28 17
t 925 20
m 9 10
0 19 19
1 27 13
2 27 17
t 924 20
m 9 10
0 20 19
1 28 13
2 26 17
t 923 20
m 10 10
0 21 19
1 27 13
2 25 17
t 922 20
m 10 10
0 22 19
1 27 12
2 26 17
t 921 20
m 11 10
0 21 19
1 27 13
2 25 17
t 920 20
m 10 10
0 22 19
1 28 13
2 25 18
t 919 20
m 11 10
0 21 19
1 27 13
2 25 19
t 918 20
m 12 10
0 20 19
1 27 12
2 26 19
t 917 20
m 12 10
0 19 19
1 27 13
2 25 19
t 916 20
m 12 10
0 19 18
1 28 13
2 25 18
t 915 20
m 11 10
0 19 17
1 29 13
2 25 17
t 914 20
m 10 10
0 19 16
1 28 13
2 25 18
t 913 20
m 11 10
0 19 15
1 27 13
2 25 19
t 912 20
m 10 10
0 19 14
1 27 12
2 26 19
t 911 20
m 11 10
0 19 15
1 27 11
2 27 19
t 910 20
m 10 10
0 19 16
1 27 12
2 27 18
t 909 20
m 10 10
0 19 17
1 27 11
2 27 17
t 908 20
m 11 10
0 19 18
1 27 10
2 27 18
t 907 20
m 11 10
0 19 17
1 26 10
2 27 17
t 906 20
m 12 10
0 19 16
1 25 10
2 28 17
t 905 20
m 11 10
0 19 15
1 26 10
2 27 17
t 904 20
m 12 10
0 19 14
1 27 10
2 26 17
t 903 20
m 13 10
0 19 15
1 26 10
2 27 17
t 902 20
m 12 10
0 19 14
1 27 10
2 27 18
t 901 20
m 12 9
0 19 15
1 26 10
2 27 19
t 900 20
m 12 10
0 19 16
1 25 10
2 27 18
t 899 20
m 11 10
0 19 15
1 24 10
2 27 17
t 898 20
m 12 10
0 19 14
1 23 10
2 28 17
t 897 20
m 12 9
0 19 15
1 22 10
2 27 17
t 896 20
m 12 10
0 19 14
1 23 10
2 27 18
t 895 20
m 11 10
0 19 15
1 24 10
2 27 17
t 894 20
m 10 10
0 19 14
1 23 10
2 26 17
t 893 20
m 9 10
0 19 13
1 22 10
2 27 17
t 892 20
m 10 10
0 19 12
1 21 10
2 28 17
t 891 20
m 10 10
0 20 12
1 20 10
2 29 17
t 890 20
m 10 10
0 19 12
1 21 10
2 30 17
t 889 20
m 10 10
0 20 12
1 22 10
2 30 16
t 888 20
m 10 10
0 21 12
1 21 10
2 31 16
t 887 20
m 10 10
0 21 13
1 20 10
2 31 15
t 886 20
m 10 10
0 21 14
1 21 10
2 31 16
t 885 20
m 9 10
0 21 15
1 20 10
2 30 16
t 884 20
m 10 10
0 21 16
1 19 10
2 31 16
t 883 20
m 9 10
0 21 17
1 18 10
2 30 16
t 882 20
m 9 10
0 21 18
1 18 11
2 30 17
t 881 20
m 8 10
0 21 17
1 18 10
2 29 17
t 880 20
m 7 10
0 21 16
1 18 11
2 28 17
t 879 20
m 8 10
0 21 15
1 18 10
2 29 17
t 878 20
m 8 10
0 21 16
1 18 9
2 28 17
t 877 20
m 9 10
0 21 15
1 18 10
2 29 17
t 876 20
m 10 10
0 21 14
1 19 10
2 30 17
t 875 20
m 9 10
0 21 15
1 18 10
2 30 16
t 874 20
m 9 10
0 21 16
1 18 11
2 30 17
t 873 20
m 8 10
0 21 17
1 18 12
2 30 16
t 872 20
m 8 10
0 21 16
1 17 12
2 31 16
t 871 20
m 9 10
0 21 17
1 16 12
2 31 15
t 870 20
m 8 10
0 21 16
1 15 12
2 31 14
t 869 20
m 7 10
0 21 17
1 15 13
2 31 15
t 868 20
m 7 10
0 21 18
1 15 12
2 31 14
t 867 20
m 7 11
0 21 17
1 15 13
2 30 14
t 866 20
m 7 11
0 21 16
1 15 14
2 30 13
t 865 20
m 7 10
0 21 17
1 15 15
2 30 14
t 864 20
m 8 10
0 21 18
1 15 14
2 31 14
t 863 20
m 8 10
0 21 19
1 15 15
2 30 14
t 862 20
m 7 10
0 21 18
1 15 16
2 31 14
t 861 20
m 8 10
0 21 19
1 15 15
2 31 15
t 860 20
m 9 10
0 20 19
1 15 14
2 31 16
t 859 20
m 9 10
0 19 19
1 15 15
2 32 16
t 858 20
m 10 10
0 20 19
1 15 16
2 33 16
t 857 20
m 10 10
0 19 19
1 15 15
2 34 16
t 856 20
m 9 10
0 20 19
1 15 16
2 34 15
t 855 20
m 9 10
0 19 19
1 16 16
2 34 14
t 854 20
m 8 10
0 20 19
1 15 16
2 34 13
t 853 20
m 7 10
0 19 19
1 16 16
2 34 12
t 852 20
m 8 10
0 19 18
1 17 16
2 34 11
t 851 20
m 9 10
0 19 19
1 18 16
2 34 12
t 850 20
m 8 10
0 19 18
1 19 16
2 34 13
t 849 20
m 9 10
0 19 17
1 19 17
2 34 14
t 848 20
m 10 10
0 19 18
1 19 16
2 34 13
t 847 20
m 11 10
0 19 17
1 19 17
2 34 12
t 846 20
m 10 10
0 19 18
1 19 16
2 34 13
t 845 20
m 11 10
0 19 19
1 18 16
2 34 14
t 844 20
m 11 10
0 20 19
1 19 16
2 34 15
t 843 20
m 11 10
0 19 19
1 19 15
2 34 16
t 842 20
m 12 10
0 20 19
1 19 14
2 33 16
t 841 20
m 13 10
0 19 19
1 19 13
2 32 16
t 840 20
m 13 11
0 19 18
1 19 12
2 31 16
t 839 26
m 13 10
0 19 19
1 20 12
2 32 16
t 838 26
m 13 10
0 19 18
1 19 12
2 33 16
t 837 26
m 13 11
0 19 17
1 18 12
2 34 16
t 836 26
m 13 11
0 19 18
1 19 12
2 34 17
t 835 26
m 13 12
0 19 17
1 20 12
2 34 18
t 834 26
m 14 12
0 19 18
1 21 12
2 34 19
t 833 26
m 13 12
0 19 19
1 21 13
2 33 19
t 832 26
m 14 12
0 20 19
1 21 14
2 34 19
t 831 26
m 14 12
0 21 19
1 21 13
2 34 18
t 830 26
m 15 12
0 21 18
1 21 12
2 34 19
t 829 26
m 15 12
0 21 17
1 21 11
2 34 18
t 828 26
m 15 12
0 21 18
1 21 10
2 34 17
t 827 26
m 14 12
0 21 19
1 21 11
2 34 18
t 826 26
m 14 12
0 22 19
1 21 12
2 34 17
t 825 26
m 14 12
0 21 19
1 20 12
2 34 16
t 824 26
m 13 12
0 22 19
1 19 12
2 34 17
t 823 26
m 13 13
0 23 19
1 20 12
2 34 18
t 822 26
m 13 12
0 24 19
1 19 12
2 34 19
t 821 26
m 13 11
0 25 19
1 19 13
2 33 19
t 820 26
m 13 11
0 26 19
1 19 12
2 32 19
t 819 26
m 13 12
0 25 19
1 20 12
2 33 19
t 818 26
m 14 12
0 25 18
1 21 12
2 34 19
t 817 26
m 14 12
0 25 17
1 21 11
2 33 19
t 816 26
m 13 12
0 26 17
1 21 12
2 34 19
t 815 26
m 13 12
0 27 17
1 21 11
2 34 18
t 814 26
m 13 13
0 28 17
1 21 10
2 34 17
t 813 26
m 13 13
0 27 17
1 21 11
2 34 18
t 812 26
m 13 12
0 26 17
1 21 12
2 34 17
t 811 26
m 13 12
0 27 17
1 20 12
2 34 16
t 810 26
m 13 12
0 26 17
1 21 12
2 34 15
t 809 26
m 13 12
0 27 17
1 20 12
2 34 14
t 808 26
m 13 12
0 26 17
1 21 12
2 34 13
t 807 26
m 13 12
0 25 17
1 20 12
2 34 14
t 806 26
m 13 11
0 25 18
1 21 12
2 33 14
t 805 26
m 13 10
0 25 17
1 20 12
2 32 14
t 804 26
m 14 10
0 25 18
1 19 12
2 33 14
t 803 26
m 13 10
0 25 19
1 18 12
2 34 14
t 802 26
m 14 10
0 25 18
1 19 12
2 34 15
t 801 26
m 13 10
0 25 19
1 19 13
2 34 16
t 800 26
m 12 10
0 25 18
1 19 12
2 34 15
t 799 26
m 12 9
0 25 17
1 20 12
2 34 14
t 798 26
m 12 9
0 25 18
1 21 12
2 34 15
t 797 26
m 12 9
0 25 19
1 21 11
2 34 16
t 796 26
m 12 10
0 26 19
1 21 12
2 33 16
t 795 26
m 12 10
0 27 19
1 21 13
2 32 16
t 794 26
m 11 10
0 26 19
1 21 14
2 31 16
t 793 26
m 12 10
0 27 19
1 21 13
2 31 15
t 792 26
m 12 10
0 28 19
1 21 12
2 31 14
t 791 26
m 11 10
0 27 19
1 21 11
2 30 14
t 790 26
m 10 10
0 27 18
1 21 12
2 30 13
t 789 26
m 10 10
0 27 17
1 21 11
2 30 14
t 788 26
m 9 10
0 26 17
1 21 10
2 31 14
t 787 26
m 9 10
0 27 17
1 21 11
2 32 14
t 786 26
m 8 10
0 28 17
1 21 10
2 33 14
t 785 26
m 9 10
0 29 17
1 22 10
2 34 14
t 784 26
m 8 10
0 28 17
1 21 10
2 33 14
t 783 26
m 9 10
0 29 17
1 22 10
2 32 14
t 782 26
m 9 10
0 28 17
1 22 9
2 33 14
t 781 26
m 10 10
0 27 17
1 22 8
2 34 14
t 780 26
m 10 10
0 27 18
1 22 9
2 33 14
t 779 26
m 9 10
0 27 19
1 22 10
2 32 14
t 778 26
m 10 10
0 26 19
1 23 10
2 31 14
t 777 26
m 9 10
0 27 19
1 24 10
2 31 15
t 776 26
m 8 10
0 28 19
1 25 10
2 31 16
t 775 26
m 8 10
0 27 19
1 26 10
2 32 16
t 774 26
m 9 10
0 27 18
1 27 10
2 31 16
t 773 26
m 8 10
0 27 19
1 26 10
2 32 16
t 772 26
m 9 10
0 27 18
1 27 10
2 33 16
t 771 26
m 10 10
0 27 17
1 27 11
2 32 16
t 770 26
m 11 10
0 27 18
1 27 12
2 33 16
t 769 26
m 10 10
0 27 17
1 27 13
2 34 16
t 768 26
m 10 10
0 27 18
1 28 13
2 34 15
t 767 26
m 11 10
0 27 17
1 27 13
2 34 14
t 766 26
m 12 10
0 28 17
1 27 12
2 33 14
t 765 26
m 12 10
0 27 17
1 27 13
2 32 14
t 764 26
m 12 10
0 26 17
1 28 13
2 33 14
t 763 26
m 11 10
0 25 17
1 27 13
2 34 14
t 762 26
m 12 10
0 25 18
1 28 13
2 33 14
t 761 26
m 11 10
0 25 17
1 29 13
2 34 14
t 760 26
m 12 10
0 26 17
1 30 13
2 34 15
t 759 26
m 13 10
0 27 17
1 30 12
2 34 16
t 758 26
m 14 10
0 28 17
1 31 12
2 34 15
t 757 26
m 14 10
0 29 17
1 30 12
2 34 14
t 756 26
m 13 10
0 28 17
1 31 12
2 33 14
t 755 26
m 13 11
0 29 17
1 32 12
2 34 14
t 754 26
m 13 12
0 28 17
1 32 11
2 34 15
t 753 26
m 14 12
0 27 17
1 32 12
2 34 16
t 752 26
m 14 12
0 27 18
1 32 11
2 34 15
t 751 26
m 13 12
0 27 19
1 32 12
2 34 16
t 750 26
m 13 11
0 26 19
1 32 11
2 34 15
t 749 26
m 13 10
0 27 19
1 32 10
2 34 14
t 748 26
m 14 10
0 27 18
1 32 9
2 33 14
t 747 26
m 13 10
0 27 17
1 32 10
2 32 14
t 746 26
m 13 11
0 28 17
1 32 9
2 33 14
t 745 26
m 13 12
0 27 17
1 32 10
2 32 14
t 744 26
m 14 12
0 28 17
1 32 9
2 31 14
t 743 26
m 15 12
0 27 17
1 33 9
2 32 14
t 742 26
m 15 13
0 26 17
1 32 9
2 33 14
t 741 26
m 15 14
0 25 17
1 32 10
2 34 14
t 740 26
m 15 13
0 25 18
1 32 11
2 34 15
t 739 26
m 15 13
0 25 19
1 32 10
2 34 16
t 738 26
m 15 14
0 24 19
1 32 11
2 34 17
t 737 26
m 15 15
0 25 19
1 32 10
2 34 16
t 736 26
m 15 16
0 26 19
1 32 9
2 34 15
t 735 26
m 15 16
0 25 19
1 33 9
2 34 16
t 734 26
m 15 15
0 25 18
1 34 9
2 34 15
t 733 26
m 15 16
0 25 19
1 33 9
2 34 16
t 732 26
m 15 16
0 24 19
1 32 9
2 33 16
t 731 26
m 15 16
0 25 19
1 33 9
2 34 16
t 730 26
m 15 15
0 26 19
1 33 8
2 34 15
t 729 26
m 15 16
0 25 19
1 33 7
2 34 16
t 728 26
m 15 16
0 25 18
1 33 8
2 34 15
t 727 26
m 15 16
0 25 17
1 33 7
2 34 16
t 726 26
m 15 15
0 25 18
1 33 6
2 34 15
t 725 26
m 15 15
0 25 17
1 33 7
2 34 16
t 724 26
m 15 16
0 26 17
1 33 8
2 34 15
t 723 26
m 15 17
0 25 17
1 33 7
2 34 14
t 722 26
m 15 17
0 26 17
1 33 8
2 33 14
t 721 26
m 15 18
0 27 17
1 33 9
2 32 14
t 720 26
m 15 18
0 27 18
1 33 8
2 33 14
t 719 26
m 15 19
0 27 19
1 33 9
2 34 14
t 718 26
m 14 19
0 27 18
1 33 8
2 34 13
t 717 26
m 14 19
0 27 17
1 33 7
2 34 14
t 716 26
m 15 19
0 26 17
1 33 8
2 33 14
t 715 26
m 15 19
0 25 17
1 33 9
2 32 14
t 714 26
m 15 19
0 26 17
1 34 9
2 33 14
t 713 26
m 14 19
0 25 17
1 33 9
2 34 14
t 712 26
m 15 19
0 25 18
1 32 9
2 34 15
t 711 26
m 15 19
0 25 19
1 32 10
2 34 14
t 710 26
m 14 19
0 24 19
1 32 11
2 33 14
t 709 26
m 15 19
0 25 19
1 32 10
2 32 14
t 708 26
m 15 19
0 26 19
1 32 11
2 31 14
t 707 26
m 15 19
0 27 19
1 32 12
2 30 14
t 706 26
m 14 19
0 28 19
1 31 12
2 30 13
t 705 26
m 15 19
0 27 19
1 32 12
2 30 14
t 704 26
m 15 19
0 28 19
1 31 12
2 31 14
t 703 26
m 15 18
0 27 19
1 30 12
2 32 14
t 702 26
m 15 17
0 27 18
1 30 13
2 33 14
t 701 26
m 15 17
0 27 19
1 29 13
2 32 14
t 700 26
m 15 17
0 27 18
1 30 13
2 31 14
t 699 26
m 15 17
0 27 17
1 30 14
2 32 14
t 698 26
m 15 18
0 27 18
1 31 14
2 33 14
t 697 26
m 15 19
0 27 19
1 32 14
2 34 14
t 696 26
m 15 19
0 27 18
1 31 14
2 34 15
t 695 26
m 15 19
0 27 17
1 32 14
2 34 14
t 694 26
m 15 19
0 26 17
1 31 14
2 33 14
t 693 26
m 15 18
0 27 17
1 31 15
2 32 14
t 692 26
m 15 17
0 26 17
1 31 14
2 31 14
t 691 26
m 15 16
0 27 17
1 30 14
2 32 14
t 690 26
m 15 15
0 26 17
1 30 13
2 31 14
t 689 26
m 15 14
0 27 17
1 30 12
2 32 14
t 688 26
m 15 15
0 26 17
1 31 12
2 31 14
t 687 26
m 15 14
0 25 17
1 30 12
2 32 14
t 686 26
m 15 13
0 25 18
1 30 13
2 33 14
t 685 26
m 15 14
0 25 17
1 30 14
2 32 14
t 684 26
m 15 13
0 26 17
1 30 13
2 33 14
t 683 26
m 15 13
0 27 17
1 29 13
2 32 14
t 682 26
m 15 12
0 26 17
1 28 13
2 33 14
t 681 26
m 16 12
0 25 17
1 27 13
2 32 14
t 680 26
m 16 12
0 25 18
1 28 13
2 33 14
t 679 26
m 16 11
0 25 19
1 27 13
2 32 14
t 678 26
m 16 10
0 25 18
1 27 12
2 31 14
t 677 26
m 16 9
0 25 19
1 27 11
2 30 14
t 676 26
m 16 8
0 26 19
1 27 10
2 30 13
t 675 26
m 16 8
0 27 19
1 27 11
2 30 14
t 674 26
m 16 7
0 27 18
1 27 12
2 31 14
t 673 26
m 16 8
0 27 17
1 27 11
2 32 14
t 672 26
m 16 7
0 27 18
1 27 12
2 31 14
t 671 26
m 16 7
0 27 17
1 27 13
2 32 14
t 670 26
m 16 6
0 28 17
1 27 12
2 33 14
t 669 26
m 16 5
0 27 17
1 27 13
2 34 14
t 668 26
m 16 5
0 27 18
1 28 13
2 34 13
t 667 26
m 17 5
0 27 17
1 27 13
2 34 12
t 666 26
m 17 5
0 28 17
1 27 12
2 34 13
t 665 26
m 16 5
0 29 17
1 27 13
2 34 14
t 664 26
m 16 5
0 30 17
1 27 12
2 33 14
t 663 26
m 16 5
0 30 16
1 27 11
2 32 14
t 662 26
m 16 5
0 31 16
1 27 12
2 31 14
t 661 26
m 15 5
0 30 16
1 27 13
2 32 14
t 660 26
m 15 6
0 31 16
1 28 13
2 31 14
t 659 33
m 14 6
0 31 15
1 29 13
2 32 14
t 658 33
m 15 6
0 31 14
1 30 13
2 31 14
t 657 33
m 14 6
0 32 14
1 29 13
2 31 15
t 656 33
m 13 6
0 31 14
1 30 13
2 31 16
t 655 33
m 13 6
0 32 14
1 30 12
2 30 16
t 654 33
m 12 6
0 33 14
1 30 13
2 30 17
t 653 33
m 12 7
0 32 14
1 29 13
2 30 16
t 652 33
m 12 6
0 33 14
1 28 13
2 31 16
t 651 33
m 13 6
0 32 14
1 27 13
2 30 16
t 650 33
m 14 6
0 31 14
1 28 13
2 31 16
t 649 33
m 15 6
0 31 15
1 27 13
2 30 16
t 648 33
m 15 6
0 31 16
1 28 13
2 31 16
t 647 33
m 15 6
0 32 16
1 27 13
2 31 15
t 646 33
m 15 5
0 33 16
1 27 12
2 31 14
t 645 33
m 15 6
0 34 16
1 27 13
2 30 14
t 644 33
m 15 5
0 34 15
1 27 12
2 31 14
t 643 33
m 15 4
0 34 16
1 27 11
2 32 14
t 642 33
m 15 3
0 33 16
1 27 10
2 31 14
t 641 33
m 15 3
0 34 16
1 27 11
2 30 14
t 640 33
m 15 3
0 34 15
1 27 10
2 31 14
t 639 33
m 15 2
0 34 14
1 26 10
2 30 14
t 638 33
m 15 1
0 33 14
1 27 10
2 31 14
t 637 33
m 15 1
0 34 14
1 26 10
2 31 15
t 636 33
m 15 0
0 33 14
1 25 10
2 31 16
t 635 33
m 15 1
0 34 14
1 26 10
2 30 16
t 634 33
m 15 1
0 34 13
1 25 10
2 30 17
t 633 33
m 15 2
0 34 14
1 26 10
2 29 17
t 632 33
m 15 3
0 34 13
1 25 10
2 30 17
t 631 33
m 15 3
0 34 14
1 24 10
2 29 17
t 630 33
m 15 4
0 33 14
1 25 10
2 28 17
t 629 33
m 15 4
0 34 14
1 26 10
2 27 17
t 628 33
m 15 3
0 33 14
1 27 10
2 27 18
t 627 33
m 15 4
0 32 14
1 27 11
2 27 17
t 626 33
m 15 4
0 33 14
1 27 12
2 27 18
t 625 33
m 15 4
0 34 14
1 27 13
2 27 19
t 624 33
m 15 4
0 34 13
1 27 12
2 28 19
t 623 33
m 15 4
0 34 12
1 27 13
2 29 19
t 622 33
m 15 3
0 34 13
1 28 13
2 28 19
t 621 33
m 15 4
0 34 12
1 27 13
2 27 19
t 620 33
m 15 3
0 34 13
1 28 13
2 27 18
t 619 33
m 15 2
0 34 12
1 29 13
2 27 17
t 618 33
m 15 2
0 34 13
1 28 13
2 28 17
t 617 33
m 15 3
0 34 14
1 29 13
2 27 17
t 616 33
m 15 2
0 34 13
1 30 13
2 28 17
t 615 33
m 15 1
0 34 14
1 30 12
2 29 17
t 614 33
m 15 2
0 34 15
1 30 13
2 28 17
t 613 33
m 15 1
0 34 16
1 30 12
2 27 17
t 612 33
m 15 1
0 34 15
1 30 13
2 27 18
t 611 33
m 15 1
0 34 16
1 29 13
2 27 19
t 610 33
m 15 2
0 34 17
1 28 13
2 28 19
t 609 33
m 15 3
0 34 16
1 27 13
2 27 19
t 608 33
m 15 4
0 34 15
1 27 12
2 27 18
t 607 33
m 15 4
0 34 14
1 27 13
2 27 17
t 606 33
m 15 3
0 34 13
1 27 12
2 26 17
t 605 33
m 15 3
0 34 14
1 27 13
2 25 17
t 604 33
m 15 3
0 34 13
1 27 12
2 26 17
t 603 33
m 15 2
0 34 12
1 27 11
2 27 17
t 602 33
m 15 2
0 34 11
1 27 12
2 28 17
t 601 33
m 15 3
0 34 10
1 27 11
2 29 17
t 600 33
m 15 2
0 34 9
1 27 12
2 30 17
t 599 33
m 15 3
0 34 10
1 27 13
2 30 16
t 598 33
m 15 3
0 34 9
1 28 13
2 30 17
t 597 33
m 15 4
0 33 9
1 29 13
2 30 16
t 596 33
m 15 4
0 32 9
1 28 13
2 31 16
t 595 33
m 15 3
0 32 10
1 29 13
2 31 15
t 594 33
m 15 2
0 32 9
1 30 13
2 31 16
t 593 33
m 15 1
0 33 9
1 30 14
2 30 16
t 592 33
m 15 2
0 33 8
1 31 14
2 31 16
t 591 33
m 15 2
0 33 9
1 32 14
2 30 16
t 590 33
m 15 2
0 34 9
1 31 14
2 31 16
t 589 33
m 15 2
0 34 10
1 32 14
2 32 16
t 588 33
m 15 1
0 34 11
1 33 14
2 33 16
t 587 33
m 15 0
0 34 12
1 32 14
2 34 16
t 586 33
m 15 0
0 34 11
1 31 14
2 34 17
t 585 33
m 16 0
0 34 10
1 30 14
2 34 16
t 584 33
m 17 0
0 34 11
1 31 14
2 33 16
t 583 40
m 16 0
0 34 12
1 32 14
2 32 16
t 582 40
m 16 0
0 34 13
1 31 14
2 33 16
t 581 40
m 15 0
0 34 12
1 32 14
2 32 16
t 580 40
m 16 0
0 34 13
1 33 14
2 33 16
t 579 40
m 15 0
0 34 14
1 34 14
2 32 16
t 578 40
m 16 0
0 34 13
1 33 14
2 31 16
t 577 40
m 15 0
0 34 12
1 34 14
2 30 16
t 576 40
m 15 1
0 34 11
1 34 15
2 31 16
t 575 40
m 15 0
0 34 10
1 34 16
2 31 15
t 574 40
m 16 0
0 34 9
1 33 16
2 31 16
t 573 40
m 15 0
0 33 9
1 32 16
2 30 16
t 572 40
m 16 0
0 33 8
1 31 16
2 31 16
t 571 40
m 16 0
0 33 7
1 31 15
2 31 15
t 570 40
m 17 0
0 33 6
1 31 16
2 31 16
t 569 40
m 17 0
0 33 5
1 30 16
2 31 15
t 568 40
m 16 0
0 33 6
1 31 16
2 31 16
t 567 40
m 16 0
0 33 7
1 32 16
2 32 16
t 566 40
m 16 0
0 33 6
1 33 16
2 31 16
t 565 40
m 15 0
0 33 5
1 34 16
2 30 16
t 564 40
m 15 1
0 33 4
1 34 15
2 31 16
t 563 40
m 15 1
0 32 4
1 34 16
2 30 16
t 562 40
m 15 2
0 32 3
1 34 15
2 31 16
t 561 40
m 15 3
0 32 2
1 34 16
2 32 16
t 560 40
m 15 3
0 31 2
1 33 16
2 33 16
t 559 40
m 15 2
0 32 2
1 34 16
2 32 16
t 558 40
m 15 3
0 31 2
1 34 17
2 33 16
t 557 40
m 15 3
0 32 2
1 34 18
2 32 16
t 556 40
m 15 4
0 32 3
1 34 19
2 31 16
t 555 40
m 15 5
0 32 4
1 33 19
2 32 16
t 554 40
m 16 5
0 32 3
1 34 19
2 33 16
t 553 40
m 15 5
0 32 4
1 34 18
2 32 16
t 552 40
m 15 5
0 33 4
1 34 17
2 33 16
t 551 40
m 16 5
0 33 5
1 34 16
2 32 16
t 550 40
m 17 5
0 33 6
1 34 17
2 33 16
t 549 40
m 16 5
0 33 5
1 34 18
2 34 16
t 548 40
m 16 5
0 33 4
1 34 19
2 34 15
t 547 40
m 15 5
0 34 4
1 33 19
2 34 14
t 546 40
m 16 5
0 33 4
1 32 19
2 34 13
t 545 40
m 16 6
0 32 4
1 31 19
2 34 12
t 544 40
m 16 5
0 33 4
1 30 19
2 34 11
t 543 40
m 16 5
0 34 4
1 31 19
2 34 12
t 542 40
m 16 5
0 33 4
1 32 19
2 34 13
t 541 40
m 16 6
0 32 4
1 31 19
2 34 12
t 540 40
m 16 6
0 32 3
1 32 19
2 34 13
t 539 40
m 16 5
0 32 2
1 33 19
2 34 14
t 538 40
m 16 5
0 31 2
1 32 19
2 34 15
t 537 40
m 17 5
0 30 2
1 31 19
2 34 14
t 536 40
m 16 5
0 31 2
1 32 19
2 34 15
t 535 40
m 16 6
0 32 2
1 33 19
2 34 16
t 534 40
m 16 7
0 31 2
1 34 19
2 33 16
t 533 40
m 16 6
0 30 2
1 34 18
2 32 16
t 532 40
m 16 7
0 30 1
1 34 17
2 31 16
t 531 40
m 16 6
0 30 2
1 34 18
2 32 16
t 530 40
m 15 6
0 30 1
1 34 17
2 31 16
t 529 40
m 14 6
0 30 0
1 34 16
2 30 16
t 528 40
m 15 6
0 31 0
1 34 15
2 31 16
t 527 40
m 16 6
0 30 0
1 34 16
2 32 16
t 526 40
m 16 6
0 30 1
1 34 17
2 31 16
t 525 40
m 15 6
0 30 2
1 34 18
2 30 16
t 524 40
m 15 5
0 30 1
1 34 19
2 30 17
t 523 40
m 15 5
0 30 2
1 33 19
2 29 17
t 522 40
m 15 6
0 30 1
1 34 19
2 28 17
t 521 40
m 14 6
0 30 2
1 33 19
2 27 17
t 520 40
m 14 6
0 31 2
1 32 19
2 28 17
t 519 40
m 15 6
0 32 2
1 33 19
2 29 17
t 518 40
m 16 6
0 31 2
1 32 19
2 28 17
t 517 40
m 15 6
0 30 2
1 31 19
2 27 17
t 516 40
m 15 6
0 31 2
1 30 19
2 27 18
t 515 40
m 16 6
0 32 2
1 31 19
2 27 17
t 514 40
m 16 5
0 32 3
1 32 19
2 26 17
t 513 40
m 16 5
0 32 2
1 33 19
2 25 17
t 512 40
m 17 5
0 32 3
1 34 19
2 26 17
t 511 40
m 16 5
0 32 4
1 34 18
2 27 17
t 510 40
m 16 5
0 33 4
1 34 19
2 26 17
t 509 40
m 17 5
0 33 5
1 33 19
2 27 17
t 508 40
m 18 5
0 33 6
1 32 19
2 27 18
t 507 40
m 18 6
0 33 5
1 31 19
2 27 19
t 506 40
m 19 6
0 33 6
1 32 19
2 28 19
t 505 46
m 19 6
0 33 5
1 33 19
2 27 19
t 504 46
m 18 6
0 33 4
1 34 19
2 26 19
t 503 46
m 19 6
0 32 4
1 34 18
2 25 19
t 502 46
m 20 6
0 32 3
1 34 19
2 24 19
t 501 46
m 20 6
0 32 4
1 34 18
2 23 19
t 500 46
m 19 6
0 33 4
1 34 19
2 24 19
t 499 46
m 19 6
0 34 4
1 33 19
2 23 19
t 498 46
m 20 6
0 34 3
1 34 19
2 24 19
t 497 46
m 21 6
0 34 2
1 34 18
2 23 19
t 496 46
m 20 6
0 34 1
1 34 17
2 24 19
t 495 46
m 19 6
0 34 2
1 34 18
2 25 19
t 494 46
m 19 6
0 34 3
1 34 17
2 24 19
t 493 46
m 19 5
0 34 4
1 34 16
2 23 19
t 492 46
m 19 5
0 34 3
1 34 17
2 24 19
t 491 46
m 19 4
0 34 4
1 34 16
2 25 19
t 490 46
m 19 5
0 33 4
1 34 17
2 26 19
t 489 46
m 19 6
0 33 5
1 34 16
2 25 19
t 488 46
m 18 6
0 33 4
1 34 17
2 26 19
t 487 46
m 18 7
0 32 4
1 34 16
2 25 19
t 486 46
m 18 7
0 33 4
1 33 16
2 26 19
t 485 46
m 18 7
0 34 4
1 32 16
2 25 19
t 484 46
m 18 6
0 33 4
1 33 16
2 26 19
t 483 46
m 18 7
0 32 4
1 32 16
2 25 19
t 482 46
m 18 8
0 33 4
1 31 16
2 26 19
t 481 46
m 18 9
0 34 4
1 31 15
2 27 19
t 480 46
m 18 10
0 33 4
1 31 14
2 28 19
t 479 46
m 18 11
0 32 4
1 30 14
2 27 19
t 478 46
m 18 12
0 33 4
1 31 14
2 28 19
t 477 46
m 17 12
0 32 4
1 32 14
2 29 19
t 476 46
m 18 12
0 32 3
1 33 14
2 30 19
t 475 46
m 18 11
0 32 4
1 34 14
2 31 19
t 474 46
m 18 12
0 33 4
1 34 13
2 30 19
t 473 46
m 18 12
0 34 4
1 34 14
2 31 19
t 472 46
m 18 12
0 34 3
1 34 13
2 32 19
t 471 46
m 18 11
0 34 2
1 34 14
2 31 19
t 470 46
m 18 11
0 34 3
1 34 15
2 30 19
t 469 46
m 18 12
0 34 2
1 34 14
2 31 19
t 468 46
m 18 12
0 34 1
1 33 14
2 32 19
t 467 46
m 17 12
0 34 0
1 34 14
2 33 19
t 466 46
m 18 12
0 34 1
1 33 14
2 34 19
t 465 46
m 18 11
0 34 2
1 34 14
2 33 19
t 464 46
m 18 11
0 34 3
1 34 13
2 34 19
t 463 46
m 18 11
0 34 4
1 34 12
2 33 19
t 462 46
m 18 11
0 34 3
1 34 13
2 34 19
t 461 46
m 18 11
0 34 4
1 34 14
2 34 18
t 460 46
m 18 12
0 33 4
1 34 13
2 34 19
t 459 46
m 19 12
0 32 4
1 34 12
2 33 19
t 458 46
m 19 13
0 33 4
1 34 13
2 32 19
t 457 46
m 19 12
0 32 4
1 34 14
2 31 19
t 456 46
m 19 13
0 33 4
1 33 14
2 30 19
t 455 46
m 19 14
0 33 5
1 34 14
2 29 19
t 454 46
m 19 14
0 33 4
1 34 13
2 28 19
t 453 46
m 19 13
0 33 5
1 34 12
2 27 19
t 452 46
m 19 13
0 33 6
1 34 11
2 26 19
t 451 46
m 19 12
0 33 5
1 34 10
2 25 19
t 450 46
m 20 12
0 33 6
1 34 11
2 26 19
t 449 46
m 20 12
0 33 7
1 34 10
2 25 19
t 448 46
m 21 12
0 33 8
1 34 11
2 26 19
t 447 56
m 21 13
0 33 7
1 34 12
2 25 19
t 446 63
m 21 14
0 33 8
1 34 11
2 24 19
t 445 63
m 21 15
0 33 7
1 34 10
2 25 19
t 444 63
m 21 16
0 33 6
1 34 9
2 24 19
t 443 63
m 21 16
0 33 7
1 34 10
2 25 19
t 442 63
m 21 17
0 33 6
1 34 9
2 24 19
t 441 63
m 21 17
0 33 5
1 34 10
2 25 19
t 440 63
m 21 17
0 33 6
1 34 11
2 25 18
t 439 63
m 21 16
0 33 5
1 34 10
2 25 17
t 438 63
m 21 17
0 33 4
1 34 9
2 25 18
t 437 63
m 21 17
0 33 5
1 33 9
2 25 19
t 436 63
m 21 17
0 33 6
1 32 9
2 24 19
t 435 63
m 21 16
0 33 7
1 33 9
2 25 19
t 434 63
m 21 16
0 33 6
1 33 8
2 25 18
t 433 63
m 21 15
0 33 7
1 33 7
2 25 17
t 432 63
m 21 14
0 33 8
1 33 6
2 26 17
t 431 63
m 21 15
0 33 7
1 33 5
2 25 17
t 430 63
m 21 15
0 33 6
1 33 4
2 25 18
f 27 18
t 429 63
m 21 15
0 33 7
1 33 5
2 25 17
t 428 63
m 21 14
0 33 6
1 33 6
2 26 17
t 427 63
m 21 15
0 33 7
1 33 7
2 25 17
t 426 63
m 21 15
0 33 6
1 33 8
2 25 18
t 425 63
m 21 16
0 33 7
1 33 9
2 25 19
t 424 63
m 21 16
0 33 6
1 33 8
2 26 19
t 423 63
m 21 17
0 33 5
1 33 7
2 27 19
t 422 63
m 21 16
0 33 6
1 33 6
2 28 19
t 421 63
m 21 17
0 33 5
1 33 5
2 29 19
t 420 63
m 21 18
0 33 6
1 33 4
2 28 19
t 419 63
m 21 19
0 33 5
1 34 4
2 27 19
t 418 63
m 21 19
0 33 4
1 33 4
2 26 19
t 417 63
m 21 19
0 32 4
1 32 4
2 27 19
t 416 63
m 21 19
0 32 3
1 32 3
2 26 19
t 415 63
m 20 19
0 32 2
1 32 2
2 27 19
t 414 63
m 21 19
0 31 2
1 31 2
2 27 18
t 413 63
m 21 19
0 32 2
1 30 2
2 27 17
t 412 63
m 20 19
0 31 2
1 31 2
2 27 18
t 411 63
m 21 19
0 32 2
1 30 2
2 27 17
t 410 63
m 22 19
0 32 3
1 30 1
2 27 18
t 409 63
m 21 19
0 32 2
1 30 2
2 27 19
t 408 63
m 22 19
0 31 2
1 31 2
2 26 19
t 407 63
m 21 19
0 32 2
1 30 2
2 27 19
t 406 63
m 20 19
0 32 3
1 31 2
2 27 18
t 405 63
m 21 19
0 32 4
1 32 2
2 27 17
t 404 63
m 22 19
0 33 4
1 31 2
2 27 18
t 403 63
m 23 19
0 32 4
1 32 2
2 27 19
t 402 63
m 24 19
0 33 4
1 32 3
2 27 18
t 401 70
m 24 19
0 34 4
1 32 2
2 27 19
t 400 70
m 25 19
0 33 4
1 32 3
2 28 19
t 399 70
m 25 19
0 33 5
1 32 4
2 29 19
t 398 70
m 25 18
0 33 4
1 33 4
2 28 19
t 397 70
m 25 19
0 33 5
1 32 4
2 29 19
t 396 70
m 26 19
0 33 4
1 33 4
2 28 19
t 395 70
m 25 19
0 32 4
1 34 4
2 27 19
t 394 70
m 25 19
0 32 3
1 34 3
2 27 18
t 393 70
m 26 19
0 32 2
1 34 2
2 27 17
t 392 70
m 25 19
0 32 3
1 34 3
2 28 17
t 391 70
m 25 19
0 32 2
1 34 2
2 29 17
t 390 70
m 24 19
0 31 2
1 34 3
2 28 17
t 389 70
m 25 19
0 30 2
1 34 4
2 29 17
t 388 70
m 25 18
0 30 1
1 33 4
2 30 17
t 387 70
m 25 17
0 30 2
1 34 4
2 30 16
t 386 70
m 25 17
0 31 2
1 34 3
2 31 16
t 385 70
m 25 18
0 30 2
1 34 2
2 31 15
t 384 70
m 25 18
0 30 1
1 34 3
2 31 14
t 383 70
m 25 18
0 30 0
1 34 4
2 30 14
t 382 70
m 25 17
0 31 0
1 34 3
2 30 13
t 381 70
m 25 18
0 32 0
1 34 2
2 30 12
t 380 70
m 25 17
0 33 0
1 34 1
2 31 12
t 379 70
m 25 18
0 32 0
1 34 0
2 30 12
t 378 70
m 25 18
0 31 0
1 34 1
2 30 13
t 377 70
m 25 18
0 32 0
1 34 0
2 30 14
t 376 70
m 25 19
0 33 0
1 33 0
2 31 14
t 375 70
m 24 19
0 34 0
1 32 0
2 30 14
t 374 70
m 24 19
0 34 1
1 31 0
2 31 14
t 373 70
m 24 19
0 34 0
1 30 0
2 31 15
t 372 70
m 24 19
0 34 1
1 29 0
2 31 14
t 371 70
m 24 19
0 34 2
1 28 0
2 30 14
t 370 70
m 25 19
0 34 3
1 29 0
2 30 13
t 369 70
m 25 19
0 34 4
1 28 0
2 29 13
t 368 70
m 24 19
0 34 3
1 28 1
2 28 13
t 367 70
m 24 19
0 34 4
1 28 0
2 27 13
t 366 70
m 25 19
0 34 3
1 27 0
2 27 12
t 365 70
m 25 18
0 34 4
1 28 0
2 27 11
t 364 70
m 25 17
0 34 3
1 29 0
2 27 12
t 363 70
m 25 18
0 34 2
1 30 0
2 27 13
t 362 70
m 25 17
0 34 1
1 30 1
2 28 13
t 361 70
m 26 17
0 34 0
1 30 2
2 27 13
t 360 70
m 25 17
0 34 1
1 31 2
2 28 13
t 359 70
m 26 17
0 34 0
1 32 2
2 27 13
t 358 70
m 26 17
0 33 0
1 31 2
2 28 13
t 357 70
m 27 17
0 32 0
1 32 2
2 29 13
t 356 70
m 28 17
0 31 0
1 31 2
2 30 13
t 355 70
m 28 17
0 32 0
1 30 2
2 30 14
t 354 70
m 28 17
0 33 0
1 30 1
2 31 14
t 353 70
m 27 17
0 32 0
1 30 2
2 32 14
t 352 70
m 26 17
0 31 0
1 31 2
2 31 14
t 351 70
m 27 17
0 32 0
1 30 2
2 32 14
t 350 70
m 27 17
0 31 0
1 31 2
2 33 14
t 349 70
m 26 17
0 32 0
1 32 2
2 32 14
t 348 70
m 26 17
0 33 0
1 31 2
2 33 14
t 347 70
m 26 17
0 34 0
1 30 2
2 32 14
t 346 70
m 27 17
0 33 0
1 31 2
2 31 14
t 345 70
m 27 17
0 34 0
1 30 2
2 32 14
t 344 70
m 26 17
0 33 0
1 31 2
2 31 14
t 343 70
m 27 17
0 34 0
1 32 2
2 31 15
t 342 70
m 26 17
0 34 1
1 31 2
2 31 14
t 341 70
m 25 17
0 34 2
1 32 2
2 31 15
t 340 70
m 26 17
0 34 1
1 31 2
2 31 16
t 339 70
m 25 17
0 34 0
1 30 2
2 32 16
t 338 70
m 25 17
0 33 0
1 30 1
2 31 16
t 337 70
m 26 17
0 34 0
1 30 2
2 30 16
t 336 70
m 25 17
0 34 1
1 31 2
2 30 17
t 335 70
m 25 17
0 34 0
1 30 2
2 29 17
t 334 70
m 25 18
0 34 1
1 31 2
2 30 17
t 333 70
m 25 19
0 34 0
1 32 2
2 30 18
t 332 70
m 26 19
0 33 0
1 31 2
2 30 17
t 331 70
m 26 19
0 32 0
1 32 2
2 30 16
t 330 70
m 25 19
0 31 0
1 31 2
2 31 16
t 329 70
m 24 19
0 30 0
1 32 2
2 31 15
t 328 70
m 25 19
0 29 0
1 32 3
2 31 16
t 327 70
m 25 19
0 28 0
1 32 2
2 30 16
t 326 70
m 24 19
0 27 0
1 31 2
2 30 17
t 325 70
m 23 19
0 28 0
1 30 2
2 30 16
t 324 70
m 22 19
0 28 1
1 30 1
2 30 17
t 323 70
m 21 19
0 28 0
1 30 2
2 30 16
t 322 70
m 20 19
0 29 0
1 30 1
2 31 16
t 321 70
m 20 19
0 30 0
1 30 2
2 30 16
t 320 70
m 20 19
0 31 0
1 30 1
2 31 16
t 319 70
m 20 19
0 30 0
1 30 2
2 30 16
t 318 70
m 21 19
0 29 0
1 30 1
2 30 17
t 317 70
m 21 18
0 28 0
1 30 0
2 30 16
t 316 70
m 21 18
0 28 1
1 30 1
2 30 17
t 315 70
m 21 18
0 28 0
1 30 2
2 30 18
t 314 70
m 21 19
0 28 1
1 30 1
2 30 19
t 313 70
m 20 19
0 28 0
1 30 2
2 30 18
t 312 70
m 19 19
0 29 0
1 31 2
2 30 19
t 311 70
m 20 19
0 30 0
1 30 2
2 30 18
t 310 70
m 21 19
0 30 1
1 30 1
2 30 19
t 309 70
m 21 18
0 30 0
1 30 0
2 29 19
t 308 70
m 21 17
0 30 1
1 30 1
2 30 19
t 307 70
m 21 17
0 30 0
1 30 0
2 31 19
t 306 70
m 21 17
0 30 1
1 29 0
2 30 19
t 305 70
m 21 17
0 30 0
1 28 0
2 30 18
t 304 70
m 21 18
0 30 1
1 28 1
2 30 19
t 303 70
m 21 17
0 30 0
1 28 0
2 31 19
t 302 70
m 21 17
0 29 0
1 27 0
2 30 19
t 301 70
m 21 17
0 30 0
1 26 0
2 29 19
t 300 70
m 21 16
0 31 0
1 27 0
2 30 19
t 299 70
m 21 17
0 32 0
1 26 0
2 31 19
t 298 70
m 21 17
0 31 0
1 26 1
2 32 19
t 297 70
m 21 17
0 32 0
1 26 2
2 31 19
t 296 70
m 21 16
0 31 0
1 26 1
2 32 19
t 295 70
m 21 17
0 30 0
1 25 1
2 31 19
t 294 70
m 21 18
0 30 1
1 26 1
2 32 19
t 293 70
m 21 18
0 30 0
1 25 1
2 31 19
t 292 70
m 21 17
0 30 1
1 24 1
2 30 19
t 291 70
m 21 18
0 30 2
1 23 1
2 31 19
t 290 70
m 21 17
0 30 1
1 22 1
2 30 19
t 289 70
m 21 16
0 30 0
1 22 0
2 29 19
t 288 70
m 21 17
0 30 1
1 21 0
2 28 19
t 287 70
m 21 18
0 30 2
1 20 0
2 27 19
t 286 70
m 21 17
0 31 2
1 19 0
2 28 19
t 285 70
m 21 17
0 30 2
1 20 0
2 29 19
t 284 70
m 21 17
0 30 1
1 21 0
2 28 19
t 283 70
m 21 17
0 30 2
1 22 0
2 27 19
t 282 70
m 21 17
0 31 2
1 22 1
2 27 18
t 281 70
m 21 18
0 30 2
1 22 0
2 27 17
t 280 70
m 21 19
0 31 2
1 22 1
2 28 17
t 279 70
m 21 18
0 30 2
1 22 0
2 29 17
t 278 70
m 21 18
0 30 1
1 21 0
2 28 17
t 277 70
m 21 17
0 30 0
1 22 0
2 27 17
t 276 70
m 21 16
0 31 0
1 22 1
2 28 17
t 275 70
m 21 15
0 32 0
1 22 0
2 29 17
t 274 70
m 21 15
0 31 0
1 21 0
2 30 17
t 273 70
m 21 14
0 32 0
1 22 0
2 30 16
t 272 70
m 21 15
0 33 0
1 21 0
2 31 16
t 271 70
m 21 16
0 34 0
1 22 0
2 32 16
t 270 70
m 21 16
0 34 1
1 21 0
2 31 16
t 269 70
m 21 17
0 34 0
1 20 0
2 32 16
t 268 70
m 21 18
0 34 1
1 19 0
2 33 16
t 267 70
m 21 18
0 34 0
1 19 1
2 32 16
t 266 70
m 21 17
0 34 1
1 19 0
2 31 16
t 265 70
m 21 18
0 34 2
1 18 0
2 32 16
t 264 70
m 21 18
0 34 3
1 17 0
2 31 16
t 263 70
m 21 17
0 34 2
1 16 0
2 32 16
t 262 70
m 21 17
0 34 3
1 17 0
2 33 16
t 261 70
m 21 16
0 34 2
1 18 0
2 32 16
t 260 70
m 21 17
0 34 3
1 17 0
2 31 16
t 259 70
m 21 16
0 34 4
1 16 0
2 31 15
t 258 70
m 21 16
0 33 4
1 17 0
2 31 14
t 257 70
m 21 15
0 34 4
1 18 0
2 30 14
t 256 70
m 21 15
0 33 4
1 17 0
2 30 13
t 255 70
m 21 16
0 32 4
1 16 0
2 30 14
t 254 70
m 21 15
0 33 4
1 17 0
2 30 13
t 253 70
m 21 16
0 33 5
1 16 0
2 30 12
t 252 70
m 21 17
0 33 4
1 15 0
2 30 13
t 251 70
m 21 16
0 34 4
1 14 0
2 30 12
t 250 70
m 21 17
0 34 3
1 13 0
2 30 13
t 249 70
m 21 17
0 34 4
1 12 0
2 30 12
t 248 70
m 21 17
0 34 3
1 12 1
2 30 13
t 247 70
m 21 17
0 34 4
1 12 0
2 29 13
t 246 70
m 21 17
0 34 3
1 13 0
2 28 13
t 245 70
m 21 16
0 34 2
1 14 0
2 27 13
t 244 70
m 21 16
0 34 1
1 13 0
2 27 12
t 243 70
m 21 15
0 34 2
1 12 0
2 27 13
t 242 70
m 21 16
0 34 1
1 12 1
2 28 13
t 241 70
m 21 16
0 34 0
1 12 0
2 29 13
t 240 70
m 21 16
0 34 1
1 13 0
2 28 13
t 239 70
m 21 16
0 34 2
1 12 0
2 27 13
t 238 70
m 21 16
0 34 1
1 13 0
2 27 12
t 237 70
m 21 17
0 34 0
1 12 0
2 27 13
t 236 70
m 21 17
0 34 1
1 13 0
2 28 13
t 235 70
m 21 18
0 34 2
1 14 0
2 29 13
t 234 70
m 21 19
0 34 1
1 13 0
2 30 13
t 233 70
m 22 19
0 34 0
1 12 0
2 29 13
t 232 70
m 23 19
0 34 1
1 13 0
2 28 13
t 231 70
m 23 19
0 34 2
1 12 0
2 29 13
t 230 70
m 24 19
0 34 1
1 12 1
2 30 13
t 229 70
m 23 19
0 34 2
1 12 0
2 30 14
t 228 70
m 22 19
0 34 1
1 12 1
2 31 14
t 227 70
m 22 19
0 34 2
1 12 0
2 30 14
t 226 70
m 22 19
0 34 3
1 12 1
2 31 14
t 225 70
m 23 19
0 34 2
1 11 1
2 32 14
t 224 70
m 24 19
0 34 1
1 10 1
2 33 14
t 223 70
m 25 19
0 34 2
1 11 1
2 32 14
t 222 70
m 25 18
0 34 3
1 12 1
2 31 14
t 221 70
m 25 18
0 34 2
1 12 0
2 30 14
t 220 70
m 25 18
0 34 3
1 13 0
2 30 13
t 219 70
m 25 19
0 34 4
1 12 0
2 30 12
t 218 70
m 25 19
0 34 3
1 12 1
2 30 13
t 217 70
m 26 19
0 34 2
1 11 1
2 29 13
t 216 70
m 26 19
0 34 3
1 12 1
2 30 13
t 215 70
m 25 19
0 34 4
1 11 1
2 30 12
t 214 70
m 25 18
0 34 3
1 12 1
2 30 13
t 213 70
m 25 19
0 34 4
1 11 1
2 30 12
t 212 70
m 24 19
0 33 4
1 10 1
2 31 12
t 211 70
m 24 19
0 34 4
1 11 1
2 30 12
t 210 70
m 24 19
0 33 4
1 10 1
2 30 13
t 209 70
m 24 19
0 33 5
1 11 1
2 29 13
t 208 70
m 24 19
0 33 6
1 12 1
2 28 13
t 207 70
m 23 19
0 33 5
1 12 0
2 29 13
t 206 70
m 23 19
0 33 4
1 12 1
2 28 13
t 205 70
m 24 19
0 33 5
1 11 1
2 27 13
t 204 70
m 25 19
0 33 4
1 12 1
2 28 13
t 203 70
m 25 18
0 34 4
1 11 1
2 29 13
t 202 70
m 25 19
0 34 3
1 12 1
2 28 13
t 201 70
m 26 19
0 34 4
1 12 0
2 27 13
t 200 70
m 27 19
0 33 4
1 13 0
2 28 13
t 199 76
m 27 18
0 34 4
1 14 0
2 27 13
t 198 86
m 27 17
0 34 3
1 13 0
2 27 12
t 197 86
m 27 18
0 34 4
1 12 0
2 27 11
t 196 86
m 27 17
0 34 3
1 12 1
2 27 10
t 195 86
m 26 17
0 34 2
1 11 1
2 27 11
t 194 86
m 27 17
0 34 1
1 12 1
2 27 10
t 193 86
m 27 17
0 34 2
1 11 1
2 27 11
t 192 86
m 27 17
0 34 3
1 10 1
2 27 12
t 191 86
m 28 17
0 34 2
1 9 1
2 27 13
t 190 86
m 27 17
0 34 3
1 8 1
2 27 12
t 189 86
m 27 18
0 34 4
1 8 0
2 27 11
f 27 13
t 188 86
m 27 17
0 33 4
1 8 1
2 27 10
t 187 86
m 27 17
0 33 5
1 8 0
2 26 10
t 186 86
m 28 17
0 33 6
1 8 1
2 27 10
t 185 86
m 27 17
0 33 5
1 8 2
2 26 10
t 184 86
m 28 17
0 33 4
1 8 1
2 27 10
t 183 86
m 28 17
0 33 5
1 8 2
2 26 10
t 182 86
m 29 17
0 33 6
1 7 2
2 25 10
t 181 86
m 28 17
0 33 7
1 6 2
2 26 10
t 180 86
m 28 17
0 33 8
1 6 1
2 27 10
t 179 86
m 27 17
0 33 7
1 6 2
2 26 10
t 178 86
m 26 17
0 33 6
1 7 2
2 25 10
t 177 86
m 25 17
0 33 7
1 6 2
2 24 10
t 176 86
m 25 18
0 33 6
1 6 1
2 25 10
t 175 86
m 25 17
0 33 5
1 6 2
2 24 10
t 174 86
m 25 18
0 33 4
1 7 2
2 23 10
t 173 86
m 25 17
0 34 4
1 6 2
2 22 10
t 172 86
m 25 18
0 33 4
1 7 2
2 23 10
t 171 86
m 25 18
0 32 4
1 8 2
2 22 10
t 170 86
m 25 19
0 33 4
1 7 2
2 23 10
t 169 86
m 24 19
0 34 4
1 8 2
2 22 10
t 168 86
m 24 19
0 34 3
1 7 2
2 23 10
t 167 86
m 24 19
0 34 2
1 8 2
2 22 10
t 166 86
m 25 19
0 34 1
1 7 2
2 23 10
t 165 86
m 26 19
0 34 2
1 6 2
2 24 10
t 164 86
m 27 19
0 34 3
1 7 2
2 25 10
t 163 86
m 26 19
0 34 2
1 6 2
2 26 10
t 162 86
m 25 19
0 34 1
1 7 2
2 27 10
t 161 86
m 26 19
0 34 0
1 6 2
2 27 11
t 160 86
m 26 19
0 34 1
1 7 2
2 27 10
t 159 86
m 27 19
0 34 2
1 8 2
2 27 11
t 158 86
m 28 19
0 34 3
1 8 1
2 27 10
t 157 86
m 28 19
0 34 2
1 8 0
2 26 10
t 156 86
m 27 19
0 34 3
1 8 1
2 27 10
t 155 86
m 27 18
0 34 2
1 8 2
2 26 10
t 154 86
m 27 19
0 34 3
1 7 2
2 27 10
t 153 86
m 27 18
0 34 2
1 8 2
2 26 10
t 152 86
m 27 18
0 34 1
1 7 2
2 27 10
t 151 86
m 27 19
0 34 2
1 6 2
2 26 10
t 150 86
m 28 19
0 34 1
1 7 2
2 25 10
t 149 86
m 27 19
0 34 0
1 8 2
2 26 10
t 148 86
m 26 19
0 34 1
1 7 2
2 25 10
t 147 86
m 27 19
0 34 2
1 8 2
2 26 10
t 146 86
m 27 19
0 34 1
1 7 2
2 27 10
t 145 86
m 27 19
0 34 0
1 8 2
2 27 11
t 144 86
m 26 19
0 34 1
1 7 2
2 27 12
t 143 86
m 25 19
0 34 2
1 8 2
2 27 13
t 142 86
m 25 19
0 34 1
1 7 2
2 28 13
t 141 86
m 25 18
0 34 0
1 8 2
2 27 13
t 140 86
m 25 17
0 33 0
1 7 2
2 27 12
t 139 86
m 25 18
0 34 0
1 8 2
2 27 11
t 138 86
m 25 19
0 33 0
1 8 1
2 27 10
t 137 86
m 25 19
0 34 0
1 8 0
2 26 10
t 136 86
m 25 19
0 33 0
1 8 1
2 27 10
t 135 86
m 26 19
0 32 0
1 8 2
2 26 10
t 134 86
m 27 19
0 31 0
1 7 2
2 25 10
t 133 86
m 27 19
0 32 0
1 8 2
2 24 10
t 132 86
m 27 18
0 33 0
1 8 1
2 25 10
t 131 86
m 27 18
0 34 0
1 8 0
2 26 10
t 130 86
m 27 17
0 34 1
1 7 0
2 25 10
t 129 86
m 27 18
0 34 2
1 6 0
2 24 10
t 128 86
m 27 19
0 34 3
1 7 0
2 25 10
t 127 86
m 27 18
0 34 4
1 6 0
2 24 10
t 126 86
m 27 17
0 33 4
1 7 0
2 23 10
t 125 86
m 27 17
0 34 4
1 6 0
2 22 10
t 124 86
m 28 17
0 33 4
1 7 0
2 23 10
t 123 86
m 28 17
0 32 4
1 8 0
2 22 10
t 122 86
m 27 17
0 33 4
1 7 0
2 22 9
t 121 86
m 27 18
0 32 4
1 6 0
2 22 8
t 120 86
m 27 17
0 32 3
1 7 0
2 22 9
t 119 86
m 28 17
0 32 2
1 6 0
2 22 8
t 118 86
m 29 17
0 32 3
1 6 1
2 22 9
t 117 86
m 30 17
0 32 4
1 6 2
2 22 10
t 116 86
m 30 16
0 32 3
1 6 1
2 21 10
t 115 86
m 31 16
0 32 2
1 6 0
2 20 10
t 114 86
m 32 16
0 31 2
1 6 1
2 21 10
t 113 86
m 33 16
0 30 2
1 6 2
2 22 10
t 112 86
m 33 16
0 30 1
1 7 2
2 22 9
t 111 86
m 34 16
0 30 2
1 8 2
2 22 10
t 110 93
m 34 16
0 31 2
1 7 2
2 22 9
t 109 93
m 34 16
0 30 2
1 8 2
2 22 10
t 108 93
m 34 15
0 31 2
1 7 2
2 23 10
t 107 93
m 34 16
0 32 2
1 8 2
2 24 10
t 106 93
m 34 16
0 31 2
1 7 2
2 23 10
t 105 93
m 34 15
0 32 2
1 6 2
2 22 10
t 104 93
m 34 15
0 31 2
1 7 2
2 21 10
t 103 93
m 34 15
0 30 2
1 8 2
2 20 10
t 102 93
m 34 14
0 31 2
1 8 1
2 19 10
t 101 93
m 34 13
0 30 2
1 8 0
2 20 10
t 100 93
m 34 14
0 30 1
1 7 0
2 21 10
t 99 93
m 34 14
0 30 2
1 8 0
2 22 10
t 98 93
m 34 15
0 30 1
1 8 1
2 21 10
t 97 93
m 34 16
0 30 0
1 8 2
2 20 10
t 96 93
m 33 16
0 31 0
1 7 2
2 19 10
t 95 93
m 33 16
0 30 0
1 6 2
2 20 10
t 94 93
m 32 16
0 29 0
1 6 1
2 19 10
t 93 93
m 33 16
0 28 0
1 6 2
2 20 10
t 92 93
m 32 16
0 29 0
1 7 2
2 21 10
t 91 93
m 32 16
0 28 0
1 8 2
2 20 10
t 90 93
m 33 16
0 27 0
1 7 2
2 21 10
t 89 93
m 34 16
0 28 0
1 6 2
2 21 11
t 88 93
m 33 16
0 27 0
1 7 2
2 21 10
t 87 93
m 33 16
0 26 0
1 8 2
2 22 10
t 86 93
m 34 16
0 27 0
1 7 2
2 22 9
t 85 93
m 34 15
0 28 0
1 8 2
2 22 10
t 84 93
m 34 14
0 27 0
1 7 2
2 23 10
t 83 93
m 34 13
0 28 0
1 6 2
2 24 10
t 82 93
m 34 13
0 28 1
1 7 2
2 23 10
t 81 93
m 34 14
0 28 0
1 8 2
2 24 10
t 80 93
m 34 15
0 27 0
1 8 1
2 25 10
t 79 93
m 34 15
0 26 0
1 8 0
2 26 10
t 78 93
m 34 14
0 27 0
1 8 1
2 25 10
t 77 93
m 34 15
0 28 0
1 8 2
2 24 10
t 76 93
m 34 15
0 29 0
1 8 1
2 23 10
t 75 93
m 34 16
0 30 0
1 8 0
2 24 10
t 74 93
m 33 16
0 31 0
1 8 1
2 23 10
t 73 93
m 33 16
0 30 0
1 9 1
2 22 10
t 72 93
m 33 16
0 30 1
1 10 1
2 21 10
t 71 93
m 33 16
0 30 2
1 11 1
2 20 10
t 70 93
m 32 16
0 30 1
1 12 1
2 21 10
t 69 93
m 31 16
0 30 0
1 12 0
2 21 11
t 68 93
m 32 16
0 31 0
1 13 0
2 21 10
t 67 93
m 33 16
0 32 0
1 12 0
2 20 10
t 66 93
m 33 16
0 33 0
1 12 1
2 19 10
t 65 93
m 34 16
0 32 0
1 12 0
2 18 10
t 64 93
m 34 15
0 33 0
1 13 0
2 19 10
t 63 93
m 34 16
0 34 0
1 12 0
2 20 10
t 62 93
m 34 16
0 34 1
1 13 0
2 19 10
t 61 93
m 34 15
0 34 2
1 14 0
2 20 10
t 60 93
m 34 14
0 34 3
1 13 0
2 21 10
t 59 93
m 34 13
0 34 2
1 14 0
2 22 10
t 58 93
m 34 13
0 34 1
1 15 0
2 23 10
t 57 93
m 34 12
0 34 0
1 14 0
2 22 10
t 56 93
m 34 13
0 34 1
1 13 0
2 23 10
t 55 93
m 34 14
0 34 2
1 14 0
2 24 10
t 54 93
m 34 14
0 34 3
1 15 0
2 25 10
t 53 93
m 33 14
0 34 2
1 15 1
2 26 10
t 52 93
m 33 14
0 34 3
1 15 0
2 25 10
t 51 93
m 34 14
0 34 2
1 16 0
2 24 10
t 50 93
m 34 15
0 34 3
1 15 0
2 23 10
t 49 93
m 34 15
0 34 4
1 14 0
2 24 10
t 48 93
m 34 15
0 33 4
1 15 0
2 23 10
t 47 93
m 34 16
0 33 5
1 15 1
2 24 10
t 46 93
m 34 16
0 33 4
1 15 0
2 25 10
t 45 93
m 34 15
0 34 4
1 15 1
2 26 10
t 44 93
m 34 15
0 33 4
1 15 0
2 25 10
t 43 93
m 34 16
0 33 5
1 15 1
2 24 10
t 42 93
m 34 15
0 33 6
1 15 2
2 23 10
t 41 93
m 34 16
0 33 5
1 15 1
2 24 10
t 40 93
m 34 17
0 33 6
1 15 2
2 25 10
t 39 93
m 34 16
0 33 5
1 15 3
2 24 10
t 38 93
m 34 16
0 33 6
1 15 2
2 23 10
t 37 93
m 34 15
0 33 7
1 15 3
2 24 10
t 36 93
m 34 14
0 33 6
1 15 2
2 23 10
t 35 93
m 34 14
0 33 5
1 15 1
2 24 10
t 34 93
m 33 14
0 33 6
1 15 2
2 25 10
t 33 93
m 34 14
0 33 5
1 15 3
2 26 10
t 32 93
m 33 14
0 33 6
1 15 2
2 25 10
t 31 93
m 33 14
0 33 5
1 15 1
2 26 10
t 30 93
m 33 14
0 33 6
1 15 2
2 27 10
t 29 93
m 32 14
0 33 7
1 15 1
2 26 10
t 28 93
m 32 14
0 33 8
1 15 2
2 27 10
t 27 93
m 31 14
0 33 7
1 15 3
2 26 10
t 26 93
m 32 14
0 33 8
1 15 4
2 25 10
t 25 93
m 31 14
0 33 9
1 15 5
2 24 10
t 24 93
m 32 14
0 32 9
1 15 6
2 25 10
t 23 93
m 31 14
0 33 9
1 15 5
2 26 10
t 22 93
m 31 15
0 33 8
1 16 5
2 27 10
t 21 93
m 31 16
0 33 7
1 15 5
2 27 11
t 20 93
m 30 16
0 33 6
1 15 4
2 27 12
t 19 93
m 30 17
0 33 5
1 15 5
2 27 11
t 18 93
m 29 17
0 33 4
1 15 4
2 27 12
t 17 93
m 30 17
0 33 5
1 15 3
2 27 13
t 16 93
m 30 18
0 33 6
1 15 4
2 28 13
t 15 93
m 30 19
0 33 5
1 15 3
2 29 13
t 14 100
m 30 18
0 33 6
1 15 2
2 30 13
t 13 100
m 30 18
0 33 5
1 15 1
2 30 12
t 12 100
m 30 17
0 33 4
1 15 0
2 31 12
t 11 100
m 29 17
0 32 4
1 15 1
2 30 12
t 10 100
m 29 17
0 32 3
1 15 0
2 31 12
t 9 100
m 29 17
0 32 2
1 14 0
2 32 12
t 8 100
m 28 17
0 32 3
1 13 0
2 31 12
t 7 100
m 27 17
0 32 2
1 14 0
2 32 12
t 6 100
m 26 17
0 31 2
1 13 0
2 32 11
t 5 100
m 25 17
0 32 2
1 12 0
2 32 12
t 4 100
m 25 17
0 31 2
1 12 1
2 32 11
t 3 100
m 25 18
0 30 2
1 11 1
2 32 10
t 2 100
m 25 18
0 30 1
1 10 1
2 32 11
t 1 100
m 25 19
0 30 0
1 9 1
2 32 10
t 0 100
