35
20
m 0 19
0 34 0
1 34 0
2 34 0
w 0 5
w 0 6
w 0 7
w 0 8
w 1 1
w 1 2
w 1 3
w 1 10
w 1 11
w 1 12
w 1 13
w 1 15
w 1 17
w 1 18
w 2 1
w 2 5
w 2 6
w 2 7
w 2 8
w 2 13
w 2 15
w 2 17
w 2 18
w 3 1
w 3 3
w 3 4
w 3 5
w 3 6
w 3 7
w 3 8
w 3 9
w 3 10
w 3 11
w 3 13
w 3 17
w 3 18
w 4 3
w 4 4
w 4 5
w 4 6
w 4 7
w 4 8
w 4 9
w 4 10
w 4 11
w 4 15
w 5 1
w 5 2
w 5 3
w 5 4
w 5 5
w 5 6
w 5 7
w 5 8
w 5 9
w 5 10
w 5 11
w 5 12
w 5 14
w 5 15
w 5 16
w 5 18
w 6 3
w 6 4
w 6 5
w 6 6
w 6 7
w 6 8
w 6 9
w 6 10
w 6 11
w 6 12
w 6 14
w 6 15
w 6 16
w 6 18
w 7 1
w 7 3
w 7 4
w 7 5
w 7 6
w 7 7
w 7 8
w 7 9
w 7 14
w 7 15
w 7 16
w 8 3
w 8 4
w 8 5
w 8 6
w 8 7
w 8 8
w 8 9
w 8 11
w 8 12
w 8 13
w 8 14
w 8 15
w 8 16
w 8 18
w 9 0
w 9 2
w 9 3
w 9 4
w 9 5
w 9 6
w 9 7
w 9 8
w 9 9
w 9 11
w 9 12
w 9 13
w 9 14
w 9 15
w 9 16
w 10 0
w 10 2
w 10 3
w 10 4
w 10 5
w 10 6
w 10 7
w 10 8
w 10 9
w 10 11
w 10 12
w 10 13
w 10 14
w 10 15
w 10 16
w 10 17
w 10 18
w 11 0
w 11 2
w 11 3
w 11 4
w 11 5
w 11 6
w 11 7
w 11 8
w 11 9
w 11 11
w 11 12
w 11 13
w 11 14
w 11 15
w 11 16
w 11 17
w 11 18
w 12 2
w 12 3
w 12 4
w 12 5
w 12 11
w 12 12
w 12 13
w 12 14
w 12 15
w 12 16
w 12 17
w 12 18
w 13 1
w 13 2
w 13 3
w 13 4
w 13 5
w 13 7
w 13 8
w 13 9
w 14 1
w 14 2
w 14 3
w 14 4
w 14 5
w 14 7
w 14 8
w 14 9
w 14 11
w 14 13
w 14 14
w 14 15
w 14 16
w 14 17
w 14 18
w 15 7
w 15 8
w 15 9
w 15 11
w 16 1
w 16 2
w 16 3
w 16 4
w 16 13
w 16 14
w 16 15
w 16 17
w 16 18
w 16 19
w 17 1
w 17 2
w 17 3
w 17 4
w 17 6
w 17 7
w 17 8
w 17 9
w 17 10
w 17 11
w 17 13
w 17 14
w 17 15
w 17 17
w 17 18
w 17 19
w 18 1
w 18 2
w 18 3
w 18 4
w 18 13
w 18 14
w 18 15
w 18 17
w 18 18
w 18 19
w 19 7
w 19 8
w 19 9
w 19 11
w 20 1
w 20 2
w 20 3
w 20 4
w 20 5
w 20 7
w 20 8
w 20 9
w 20 11
w 20 13
w 20 14
w 20 15
w 20 16
w 20 17
w 20 18
w 21 1
w 21 2
w 21 3
w 21 4
w 21 5
w 21 7
w 21 8
w 21 9
w 22 2
w 22 3
w 22 4
w 22 5
w 22 11
w 22 12
w 22 13
w 22 14
w 22 15
w 22 16
w 22 17
w 22 18
w 23 0
w 23 2
w 23 3
w 23 4
w 23 5
w 23 6
w 23 7
w 23 8
w 23 9
w 23 11
w 23 12
w 23 13
w 23 14
w 23 15
w 23 16
w 23 17
w 23 18
w 24 0
w 24 2
w 24 3
w 24 4
w 24 5
w 24 6
w 24 7
w 24 8
w 24 9
w 24 11
w 24 12
w 24 13
w 24 14
w 24 15
w 24 16
w 24 17
w 24 18
w 25 0
w 25 2
w 25 3
w 25 4
w 25 5
w 25 6
w 25 7
w 25 8
w 25 9
w 25 11
w 25 12
w 25 13
w 25 14
w 25 15
w 25 16
w 26 3
w 26 4
w 26 5
w 26 6
w 26 7
w 26 8
w 26 9
w 26 11
w 26 12
w 26 13
w 26 14
w 26 15
w 26 16
w 26 18
w 27 1
w 27 3
w 27 4
w 27 5
w 27 6
w 27 7
w 27 8
w 27 9
w 27 14
w 27 15
w 27 16
w 28 3
w 28 4
w 28 5
w 28 6
w 28 7
w 28 8
w 28 9
w 28 10
w 28 11
w 28 12
w 28 14
w 28 15
w 28 16
w 28 18
w 29 1
w 29 2
w 29 3
w 29 4
w 29 5
w 29 6
w 29 7
w 29 8
w 29 9
w 29 10
w 29 11
w 29 12
w 29 14
w 29 15
w 29 16
w 29 18
w 30 3
w 30 4
w 30 5
w 30 6
w 30 7
w 30 8
w 30 9
w 30 10
w 30 11
w 30 15
w 31 1
w 31 3
w 31 4
w 31 5
w 31 6
w 31 7
w 31 8
w 31 9
w 31 10
w 31 11
w 31 13
w 31 17
w 31 18
w 32 1
w 32 5
w 32 6
w 32 7
w 32 8
w 32 13
w 32 15
w 32 17
w 32 18
w 33 1
w 33 2
w 33 3
w 33 10
w 33 11
w 33 12
w 33 13
w 33 15
w 33 17
w 33 18
w 34 5
w 34 6
w 34 7
w 34 8
p 0 0
p 21 13
p 17 0
p 34 16
p 1 8
p 19 6
p 24 19
p 30 19
p 6 13
p 15 6
p 27 19
p 9 17
p 3 15
p 13 11
p 33 4
t 1400 0
m 0 18
0 33 0
1 33 0
2 34 1
t 1399 0
m 0 19
0 32 0
1 32 0
2 34 2
t 1398 0
m 0 19
0 31 0
1 31 0
2 34 3
t 1397 0
m 1 19
0 32 0
1 30 0
2 34 2
t 1396 0
m 2 19
0 33 0
1 29 0
2 34 3
t 1395 0
m 3 19
0 32 0
1 28 0
2 34 4
t 1394 0
m 2 19
0 33 0
1 29 0
2 33 4
t 1393 0
m 3 19
0 34 0
1 28 0
2 34 4
t 1392 0
m 4 19
0 33 0
1 29 0
2 33 4
t 1391 0
m 4 18
0 32 0
1 28 0
2 33 5
t 1390 0
m 4 17
0 33 0
1 27 0
2 33 6
t 1389 0
m 4 17
0 34 0
1 28 0
2 33 7
t 1388 0
m 4 16
0 33 0
1 29 0
2 33 8
t 1387 0
m 3 16
0 32 0
1 30 0
2 33 7
t 1386 0
m 3 15
0 31 0
1 29 0
2 33 6
t 1385 6
m 3 15
0 30 0
1 28 0
2 33 5
t 1384 6
m 3 15
0 30 1
1 29 0
2 33 4
t 1383 6
m 3 14
0 30 2
1 30 0
2 32 4
t 1382 6
m 4 14
0 31 2
1 31 0
2 33 4
t 1381 6
m 4 13
0 32 2
1 30 0
2 32 4
t 1380 6
m 5 13
0 31 2
1 30 1
2 33 4
t 1379 6
m 6 13
0 32 2
1 30 0
2 33 5
t 1378 13
m 7 13
0 32 3
1 29 0
2 33 6
t 1377 13
m 6 13
0 32 4
1 30 0
2 33 7
t 1376 13
m 7 13
0 32 3
1 31 0
2 33 8
t 1375 13
m 7 12
0 32 4
1 32 0
2 33 9
t 1374 13
m 7 12
0 33 4
1 31 0
2 33 8
t 1373 13
m 7 13
0 33 5
1 32 0
2 33 9
t 1372 13
m 6 13
0 33 6
1 31 0
2 32 9
t 1371 13
m 6 13
0 33 5
1 30 0
2 33 9
t 1370 13
m 7 13
0 33 6
1 30 1
2 34 9
f 15 5
t 1369 13
m 7 13
0 33 5
1 30 0
2 34 10
t 1368 13
m 7 13
0 33 6
1 29 0
2 34 9
t 1367 13
m 7 12
0 33 5
1 30 0
2 34 10
t 1366 13
m 7 12
0 33 6
1 31 0
2 34 11
t 1365 13
m 7 13
0 33 7
1 30 0
2 34 12
t 1364 13
m 7 13
0 33 8
1 30 1
2 34 11
t 1363 13
m 7 12
0 33 9
1 30 0
2 34 12
t 1362 13
m 7 13
0 32 9
1 31 0
2 34 11
t 1361 13
m 7 13
0 33 9
1 30 0
2 34 10
t 1360 13
m 7 13
0 32 9
1 29 0
2 34 9
t 1359 13
m 7 12
0 33 9
1 30 0
2 34 10
t 1358 13
m 7 13
0 34 9
1 31 0
2 34 11
t 1357 13
m 7 13
0 34 10
1 32 0
2 34 10
t 1356 13
m 7 13
0 34 9
1 33 0
2 34 9
t 1355 13
m 7 13
0 34 10
1 34 0
2 34 10
t 1354 13
m 6 13
0 34 9
1 34 1
2 34 9
t 1353 13
m 7 13
0 33 9
1 34 0
2 34 10
t 1352 13
m 7 13
0 32 9
1 34 1
2 34 11
t 1351 13
m 7 13
0 32 10
1 34 2
2 34 10
t 1350 13
m 7 13
0 32 9
1 34 3
2 34 11
t 1349 13
m 7 12
0 32 10
1 34 2
2 34 10
t 1348 13
m 7 13
0 32 11
1 34 3
2 34 9
t 1347 13
m 7 13
0 32 12
1 34 4
2 34 10
t 1346 13
m 7 12
0 32 11
1 34 3
2 34 11
t 1345 13
m 7 13
0 32 12
1 34 4
2 34 10
t 1344 13
m 6 13
0 32 11
1 33 4
2 34 11
t 1343 13
m 5 13
0 32 10
1 34 4
2 34 12
t 1342 13
m 5 13
0 32 11
1 34 3
2 34 13
t 1341 13
m 5 13
0 32 10
1 34 4
2 34 14
t 1340 13
m 5 13
0 32 9
1 33 4
2 33 14
t 1339 13
m 6 13
0 33 9
1 34 4
2 32 14
t 1338 13
m 5 13
0 33 8
1 33 4
2 33 14
t 1337 13
m 6 13
0 33 9
1 33 5
2 32 14
t 1336 13
m 7 13
0 34 9
1 33 4
2 31 14
t 1335 13
m 7 12
0 33 9
1 34 4
2 32 14
t 1334 13
m 7 13
0 34 9
1 34 3
2 33 14
t 1333 13
m 6 13
0 34 10
1 34 2
2 34 14
t 1332 13
m 5 13
0 34 9
1 34 3
2 34 13
t 1331 13
m 5 13
0 34 10
1 34 2
2 34 12
t 1330 13
m 5 13
0 34 9
1 34 3
2 34 11
t 1329 13
m 5 13
0 33 9
1 34 2
2 34 12
t 1328 13
m 4 13
0 33 8
1 34 1
2 34 11
t 1327 13
m 5 13
0 33 7
1 34 0
2 34 12
t 1326 13
m 4 13
0 33 6
1 33 0
2 34 11
t 1325 13
m 5 13
0 33 5
1 34 0
2 34 12
t 1324 13
m 4 13
0 33 6
1 34 1
2 34 11
t 1323 13
m 4 14
0 33 7
1 34 2
2 34 10
t 1322 13
m 3 14
0 33 8
1 34 3
2 34 11
t 1321 13
m 2 14
0 33 9
1 34 2
2 34 12
t 1320 13
m 3 14
0 33 8
1 34 3
2 34 11
t 1319 13
m 2 14
0 33 9
1 34 2
2 34 12
t 1318 13
m 3 14
0 33 8
1 34 1
2 34 11
t 1317 13
m 3 14
0 33 7
1 34 2
2 34 10
t 1316 13
m 3 14
0 33 8
1 34 3
2 34 11
t 1315 13
m 2 14
0 33 7
1 34 2
2 34 12
t 1314 13
m 1 14
0 33 8
1 34 3
2 34 11
t 1313 13
m 2 14
0 33 7
1 34 2
2 34 10
t 1312 13
m 1 14
0 33 6
1 34 3
2 34 11
t 1311 13
m 2 14
0 33 5
1 34 2
2 34 10
t 1310 13
m 3 14
0 33 4
1 34 3
2 34 9
t 1309 13
m 3 15
0 34 4
1 34 2
2 33 9
t 1308 13
m 3 16
0 34 3
1 34 1
2 32 9
t 1307 13
m 4 16
0 34 4
1 34 0
2 32 10
t 1306 13
m 4 17
0 34 3
1 33 0
2 32 9
t 1305 13
m 4 18
0 34 2
1 34 0
2 33 9
t 1304 13
m 4 17
0 34 1
1 33 0
2 32 9
t 1303 13
m 4 18
0 34 2
1 32 0
2 33 9
t 1302 13
m 4 19
0 34 3
1 33 0
2 32 9
t 1301 13
m 5 19
0 34 4
1 34 0
2 33 9
t 1300 13
m 4 19
0 34 3
1 33 0
2 32 9
t 1299 13
m 4 18
0 34 4
1 34 0
2 33 9
t 1298 13
m 4 17
0 34 3
1 34 1
2 33 8
t 1297 13
m 4 18
0 34 2
1 34 2
2 33 9
t 1296 13
m 4 19
0 34 1
1 34 3
2 33 8
t 1295 13
m 4 18
0 34 0
1 34 2
2 33 9
t 1294 13
m 4 18
0 34 1
1 34 1
2 32 9
t 1293 13
m 4 17
0 34 0
1 34 0
2 32 10
t 1292 13
m 5 17
0 33 0
1 34 1
2 32 11
t 1291 13
m 5 17
0 32 0
1 34 0
2 32 12
t 1290 13
m 5 17
0 31 0
1 33 0
2 32 11
t 1289 13
m 5 17
0 32 0
1 32 0
2 32 12
t 1288 13
m 6 17
0 31 0
1 31 0
2 32 11
t 1287 13
m 7 17
0 32 0
1 30 0
2 32 10
t 1286 13
m 8 17
0 33 0
1 29 0
2 32 11
t 1285 13
m 9 17
0 34 0
1 30 0
2 32 12
t 1284 20
m 9 17
0 34 1
1 29 0
2 31 12
t 1283 20
m 9 17
0 34 2
1 30 0
2 32 12
t 1282 20
m 9 17
0 34 3
1 31 0
2 32 11
t 1281 20
m 8 17
0 34 4
1 32 0
2 32 10
t 1280 20
m 7 17
0 33 4
1 33 0
2 32 9
t 1279 20
m 7 17
0 34 4
1 34 0
2 32 10
t 1278 20
m 6 17
0 33 4
1 34 1
2 32 11
t 1277 20
m 6 17
0 33 5
1 34 2
2 32 10
t 1276 20
m 6 17
0 33 6
1 34 1
2 32 11
t 1275 20
m 6 17
0 33 5
1 34 2
2 32 10
t 1274 20
m 5 17
0 33 6
1 34 3
2 32 9
t 1273 20
m 5 17
0 33 5
1 34 4
2 32 10
t 1272 20
m 4 17
0 33 4
1 34 3
2 32 9
t 1271 20
m 4 16
0 33 5
1 34 2
2 32 10
t 1270 20
m 4 17
0 33 6
1 34 3
2 32 9
t 1269 20
m 4 16
0 33 7
1 34 4
2 32 10
t 1268 20
m 3 16
0 33 8
1 34 3
2 32 11
t 1267 20
m 4 16
0 33 9
1 34 2
2 32 10
t 1266 20
m 3 16
0 32 9
1 34 3
2 32 11
t 1265 20
m 3 15
0 33 9
1 34 4
2 32 12
t 1264 20
m 3 16
0 32 9
1 34 3
2 32 11
t 1263 20
m 3 16
0 32 10
1 34 4
2 32 12
t 1262 20
m 3 15
0 32 9
1 34 3
2 32 11
t 1261 20
m 3 16
0 33 9
1 34 4
2 32 10
t 1260 20
m 4 16
0 32 9
1 34 3
2 32 9
t 1259 20
m 3 16
0 33 9
1 34 2
2 33 9
t 1258 20
m 4 16
0 34 9
1 34 3
2 32 9
t 1257 20
m 3 16
0 34 10
1 34 4
2 33 9
t 1256 20
m 3 16
0 34 9
1 34 3
2 34 9
t 1255 20
m 3 15
0 34 10
1 34 4
2 33 9
t 1254 20
m 3 16
0 34 11
1 33 4
2 32 9
t 1253 20
m 3 15
0 34 10
1 32 4
2 32 10
t 1252 20
m 3 14
0 34 11
1 32 3
2 32 9
t 1251 20
m 2 14
0 34 12
1 32 4
2 33 9
t 1250 20
m 1 14
0 34 11
1 33 4
2 34 9
t 1249 20
m 0 14
0 34 12
1 33 5
2 33 9
t 1248 20
m 0 14
0 34 11
1 33 4
2 32 9
t 1247 20
m 0 14
0 34 10
1 33 5
2 33 9
t 1246 20
m 0 13
0 34 9
1 33 6
2 32 9
t 1245 20
m 0 13
0 34 10
1 33 7
2 33 9
t 1244 20
m 0 12
0 34 9
1 33 8
2 32 9
t 1243 20
m 0 12
0 33 9
1 33 9
2 33 9
t 1242 20
m 0 13
0 32 9
1 34 9
2 33 8
t 1241 20
m 0 12
0 33 9
1 34 10
2 33 9
t 1240 20
m 0 11
0 34 9
1 34 9
2 33 8
t 1239 20
m 0 10
0 34 10
1 34 10
2 33 7
t 1238 20
m 0 9
0 34 9
1 34 11
2 33 6
t 1237 20
m 1 9
0 34 10
1 34 12
2 33 7
t 1236 20
m 1 8
0 34 11
1 34 11
2 33 6
t 1235 26
m 1 8
0 34 10
1 34 12
2 33 7
t 1234 26
m 1 7
0 34 9
1 34 11
2 33 6
t 1233 26
m 1 6
0 34 10
1 34 10
2 33 5
t 1232 26
m 1 5
0 34 9
1 34 9
2 33 4
t 1231 26
m 1 5
0 34 10
1 33 9
2 32 4
t 1230 26
m 1 6
0 34 11
1 33 8
2 33 4
t 1229 26
m 1 5
0 34 10
1 33 7
2 34 4
t 1228 26
m 1 6
0 34 9
1 33 8
2 33 4
t 1227 26
m 1 6
0 33 9
1 33 9
2 33 5
t 1226 26
m 1 6
0 33 8
1 33 8
2 33 6
t 1225 26
m 1 5
0 33 9
1 33 9
2 33 5
t 1224 26
m 1 5
0 32 9
1 33 8
2 33 6
t 1223 26
m 1 5
0 32 10
1 33 7
2 33 5
t 1222 26
m 1 5
0 32 11
1 33 8
2 33 4
t 1221 26
m 1 6
0 32 10
1 33 7
2 34 4
t 1220 26
m 1 6
0 32 11
1 33 8
2 33 4
t 1219 26
m 1 5
0 32 10
1 33 9
2 33 5
t 1218 26
m 1 6
0 32 11
1 34 9
2 33 6
t 1217 26
m 1 5
0 32 10
1 33 9
2 33 5
t 1216 26
m 1 4
0 32 11
1 33 8
2 33 6
t 1215 26
m 1 4
0 32 12
1 33 9
2 33 7
t 1214 26
m 1 4
0 31 12
1 33 8
2 33 6
t 1213 26
m 1 5
0 32 12
1 33 9
2 33 7
t 1212 26
m 1 5
0 32 11
1 33 8
2 33 8
t 1211 26
m 1 4
0 32 12
1 33 9
2 33 9
t 1210 26
m 1 4
0 32 11
1 34 9
2 32 9
t 1209 26
m 1 4
0 32 10
1 33 9
2 33 9
t 1208 26
m 1 5
0 32 9
1 34 9
2 33 8
t 1207 26
m 1 4
0 32 10
1 34 10
2 33 7
t 1206 26
m 1 4
0 32 11
1 34 9
2 33 8
t 1205 26
m 0 4
0 32 12
1 33 9
2 33 7
t 1204 26
m 0 3
0 31 12
1 34 9
2 33 8
t 1203 26
m 0 2
0 32 12
1 33 9
2 33 7
t 1202 26
m 0 1
0 32 11
1 32 9
2 33 6
t 1201 26
m 0 0
0 32 10
1 33 9
2 33 5
t 1200 33
m 0 1
0 32 9
1 33 8
2 33 4
t 1199 33
m 0 1
0 32 10
1 33 9
2 33 5
t 1198 33
m 0 2
0 32 9
1 33 8
2 33 4
t 1197 33
m 0 3
0 33 9
1 33 7
2 33 5
t 1196 33
m 0 2
0 32 9
1 33 8
2 33 6
t 1195 33
m 0 1
0 33 9
1 33 9
2 33 7
t 1194 33
m 0 1
0 32 9
1 33 8
2 33 6
t 1193 33
m 0 2
0 32 10
1 33 9
2 33 7
t 1192 33
m 0 3
0 32 9
1 33 8
2 33 6
t 1191 33
m 0 2
0 32 10
1 33 9
2 33 5
t 1190 33
m 0 3
0 32 9
1 33 8
2 33 6
t 1189 33
m 0 4
0 33 9
1 33 7
2 33 7
t 1188 33
m 1 4
0 32 9
1 33 8
2 33 8
t 1187 33
m 1 5
0 32 10
1 33 7
2 33 9
t 1186 33
m 1 5
0 32 9
1 33 8
2 32 9
t 1185 33
m 1 5
0 32 10
1 33 7
2 32 10
t 1184 33
m 1 4
0 32 9
1 33 6
2 32 11
t 1183 33
m 1 5
0 33 9
1 33 5
2 32 10
t 1182 33
m 1 5
0 34 9
1 33 6
2 32 11
t 1181 33
m 1 6
0 34 10
1 33 7
2 32 10
t 1180 33
m 1 6
0 34 9
1 33 6
2 32 9
t 1179 33
m 1 7
0 33 9
1 33 7
2 33 9
t 1178 33
m 1 6
0 33 8
1 33 6
2 32 9
t 1177 33
m 1 6
0 33 7
1 33 7
2 33 9
t 1176 33
m 1 7
0 33 8
1 33 6
2 32 9
t 1175 33
m 1 6
0 33 9
1 33 7
2 32 10
t 1174 33
m 1 6
0 33 8
1 33 8
2 32 9
t 1173 33
m 1 5
0 33 9
1 33 7
2 32 10
t 1172 33
m 1 6
0 33 8
1 33 6
2 32 9
t 1171 33
m 1 6
0 33 7
1 33 5
2 32 10
t 1170 33
m 1 5
0 33 6
1 33 4
2 32 9
t 1169 33
m 1 4
0 33 7
1 34 4
2 33 9
t 1168 33
m 1 5
0 33 8
1 34 3
2 33 8
t 1167 33
m 1 6
0 33 9
1 34 2
2 33 9
t 1166 33
m 1 5
0 33 8
1 34 1
2 33 8
t 1165 33
m 1 5
0 33 7
1 34 0
2 33 9
t 1164 33
m 1 4
0 33 8
1 34 1
2 32 9
t 1163 33
m 2 4
0 33 9
1 34 0
2 32 10
t 1162 33
m 2 3
0 32 9
1 34 1
2 32 11
t 1161 33
m 2 3
0 32 10
1 34 2
2 32 10
t 1160 33
m 2 2
0 32 11
1 34 1
2 32 11
t 1159 33
m 2 2
0 32 12
1 34 2
2 32 10
t 1158 33
m 2 3
0 32 11
1 34 3
2 32 9
t 1157 33
m 2 4
0 32 10
1 34 4
2 32 10
t 1156 33
m 1 4
0 32 11
1 34 3
2 32 11
t 1155 33
m 1 4
0 32 10
1 34 4
2 32 12
t 1154 33
m 0 4
0 32 11
1 33 4
2 31 12
t 1153 33
m 0 3
0 32 12
1 32 4
2 32 12
t 1152 33
m 0 4
0 32 11
1 32 3
2 31 12
t 1151 33
m 1 4
0 32 12
1 32 4
2 30 12
t 1150 33
m 2 4
0 32 11
1 33 4
2 30 13
t 1149 33
m 1 4
0 32 12
1 33 5
2 29 13
t 1148 33
m 1 4
0 32 11
1 33 4
2 30 13
t 1147 33
m 2 4
0 32 10
1 32 4
2 30 14
t 1146 33
m 2 3
0 32 9
1 32 3
2 30 13
t 1145 33
m 2 4
0 32 10
1 32 2
2 30 12
t 1144 33
m 2 3
0 32 9
1 31 2
2 31 12
t 1143 33
m 2 2
0 33 9
1 32 2
2 32 12
t 1142 33
m 2 3
0 33 8
1 32 3
2 32 11
t 1141 33
m 2 3
0 33 7
1 32 4
2 32 10
t 1140 33
m 2 4
0 33 6
1 33 4
2 32 11
t 1139 33
m 2 4
0 33 5
1 34 4
2 32 12
t 1138 33
m 2 3
0 33 4
1 33 4
2 32 11
t 1137 33
m 2 2
0 34 4
1 33 5
2 32 12
t 1136 33
m 2 2
0 33 4
1 33 4
2 32 11
t 1135 33
m 2 2
0 34 4
1 32 4
2 32 10
t 1134 33
m 3 2
0 33 4
1 32 3
2 32 11
t 1133 33
m 4 2
0 34 4
1 32 2
2 32 10
t 1132 33
m 4 2
0 33 4
1 31 2
2 32 11
t 1131 33
m 4 2
0 34 4
1 30 2
2 32 12
t 1130 33
m 4 1
0 33 4
1 31 2
2 32 11
t 1129 33
m 4 0
0 33 5
1 32 2
2 32 12
t 1128 33
m 5 0
0 33 6
1 31 2
2 32 11
t 1127 33
m 6 0
0 33 5
1 32 2
2 32 10
t 1126 33
m 7 0
0 33 4
1 31 2
2 32 11
t 1125 33
m 7 0
0 32 4
1 30 2
2 32 12
t 1124 33
m 8 0
0 32 3
1 30 1
2 32 11
t 1123 33
m 8 0
0 32 2
1 30 0
2 32 12
t 1122 33
m 7 0
0 31 2
1 30 1
2 31 12
t 1121 33
m 6 0
0 30 2
1 30 2
2 32 12
t 1120 33
m 5 0
0 31 2
1 30 1
2 32 11
t 1119 33
m 5 0
0 30 2
1 30 2
2 32 10
t 1118 33
m 4 0
0 30 1
1 30 1
2 32 9
t 1117 33
m 4 1
0 30 0
1 30 2
2 33 9
t 1116 33
m 4 1
0 31 0
1 30 1
2 33 8
t 1115 33
m 4 2
0 32 0
1 30 2
2 33 7
t 1114 33
m 4 1
0 31 0
1 31 2
2 33 8
t 1113 33
m 4 2
0 32 0
1 32 2
2 33 7
t 1112 33
m 4 1
0 31 0
1 32 3
2 33 6
t 1111 33
m 4 2
0 30 0
1 32 2
2 33 5
t 1110 33
m 3 2
0 31 0
1 32 3
2 33 6
t 1109 33
m 4 2
0 32 0
1 32 2
2 33 5
t 1108 33
m 4 2
0 33 0
1 32 3
2 33 6
t 1107 33
m 4 1
0 32 0
1 32 2
2 33 7
t 1106 33
m 4 0
0 33 0
1 32 3
2 33 8
t 1105 33
m 5 0
0 32 0
1 32 4
2 33 9
t 1104 33
m 6 0
0 31 0
1 32 3
2 32 9
t 1103 33
m 5 0
0 32 0
1 32 4
2 32 10
t 1102 33
m 6 0
0 31 0
1 33 4
2 32 9
t 1101 33
m 6 0
0 30 0
1 34 4
2 33 9
t 1100 33
m 6 1
0 30 1
1 34 3
2 34 9
t 1099 33
m 6 0
0 30 0
1 34 4
2 33 9
t 1098 33
m 7 0
0 29 0
1 33 4
2 32 9
t 1097 33
m 7 0
0 30 0
1 34 4
2 32 10
t 1096 33
m 6 0
0 30 1
1 33 4
2 32 11
t 1095 33
m 7 0
0 30 2
1 33 5
2 32 10
t 1094 33
m 7 0
0 31 2
1 33 4
2 32 11
t 1093 33
m 6 0
0 32 2
1 34 4
2 32 12
t 1092 33
m 6 0
0 31 2
1 33 4
2 31 12
t 1091 33
m 7 0
0 30 2
1 32 4
2 30 12
t 1090 33
m 7 0
0 31 2
1 32 3
2 31 12
t 1089 33
m 7 0
0 30 2
1 32 4
2 30 12
t 1088 33
m 7 0
0 30 1
1 32 3
2 30 13
t 1087 33
m 7 0
0 30 0
1 32 2
2 29 13
t 1086 33
m 7 0
0 29 0
1 31 2
2 28 13
t 1085 33
m 8 0
0 28 0
1 30 2
2 29 13
t 1084 33
m 8 0
0 29 0
1 30 1
2 28 13
t 1083 33
m 8 0
0 28 0
1 30 0
2 27 13
t 1082 33
m 7 0
0 27 0
1 31 0
2 28 13
t 1081 33
m 7 0
0 28 0
1 32 0
2 29 13
t 1080 33
m 8 0
0 28 1
1 33 0
2 30 13
t 1079 33
m 7 0
0 28 2
1 34 0
2 29 13
t 1078 33
m 7 0
0 27 2
1 33 0
2 30 13
t 1077 33
m 6 0
0 28 2
1 34 0
2 30 12
t 1076 33
m 5 0
0 27 2
1 33 0
2 30 13
t 1075 33
m 6 0
0 28 2
1 32 0
2 30 14
t 1074 33
m 7 0
0 28 1
1 33 0
2 31 14
t 1073 33
m 6 0
0 28 0
1 34 0
2 30 14
t 1072 33
m 5 0
0 27 0
1 34 1
2 31 14
t 1071 33
m 6 0
0 26 0
1 34 2
2 30 14
t 1070 33
m 7 0
0 26 1
1 34 3
2 30 13
t 1069 33
m 8 0
0 26 0
1 34 2
2 30 14
t 1068 33
m 8 1
0 27 0
1 34 3
2 30 13
t 1067 33
m 8 0
0 26 0
1 34 2
2 29 13
t 1066 33
m 8 0
0 27 0
1 34 3
2 30 13
t 1065 33
m 8 0
0 28 0
1 34 2
2 30 12
t 1064 33
m 7 0
0 28 1
1 34 1
2 30 13
t 1063 33
m 7 0
0 28 2
1 34 0
2 29 13
t 1062 33
m 8 0
0 27 2
1 33 0
2 30 13
t 1061 33
m 8 0
0 26 2
1 32 0
2 30 14
t 1060 33
m 8 1
0 26 1
1 31 0
2 30 13
t 1059 33
m 8 0
0 26 0
1 30 0
2 29 13
t 1058 33
m 8 0
0 26 1
1 29 0
2 30 13
t 1057 33
m 8 0
0 25 1
1 28 0
2 29 13
t 1056 33
m 8 1
0 24 1
1 28 1
2 30 13
t 1055 33
m 8 1
0 25 1
1 28 2
2 30 12
t 1054 33
m 8 2
0 26 1
1 28 1
2 30 13
t 1053 33
m 8 1
0 26 2
1 28 2
2 30 14
t 1052 33
m 9 1
0 27 2
1 28 1
2 31 14
t 1051 33
m 10 1
0 26 2
1 28 0
2 30 14
t 1050 33
m 11 1
0 27 2
1 27 0
2 31 14
t 1049 33
m 12 1
0 28 2
1 28 0
2 32 14
t 1048 33
m 11 1
0 27 2
1 29 0
2 31 14
t 1047 33
m 10 1
0 26 2
1 28 0
2 31 15
t 1046 33
m 11 1
0 26 1
1 27 0
2 31 14
t 1045 33
m 11 1
0 26 2
1 28 0
2 30 14
t 1044 33
m 12 1
0 26 1
1 29 0
2 31 14
t 1043 33
m 12 1
0 26 0
1 28 0
2 30 14
t 1042 33
m 12 0
0 27 0
1 28 1
2 31 14
t 1041 33
m 13 0
0 28 0
1 28 0
2 31 15
t 1040 33
m 14 0
0 27 0
1 29 0
2 31 14
t 1039 33
m 14 0
0 28 0
1 30 0
2 32 14
t 1038 33
m 15 0
0 28 1
1 29 0
2 31 14
t 1037 33
m 16 0
0 28 0
1 30 0
2 32 14
t 1036 33
m 17 0
0 29 0
1 29 0
2 31 14
t 1035 40
m 16 0
0 30 0
1 28 0
2 32 14
t 1034 40
m 15 0
0 29 0
1 29 0
2 31 14
t 1033 40
m 15 1
0 28 0
1 30 0
2 31 15
t 1032 40
m 15 1
0 29 0
1 29 0
2 31 16
t 1031 40
m 15 2
0 30 0
1 30 0
2 30 16
t 1030 40
m 15 3
0 30 1
1 31 0
2 30 17
t 1029 40
m 15 3
0 30 0
1 32 0
2 30 16
t 1028 40
m 15 4
0 29 0
1 31 0
2 30 17
t 1027 40
m 15 5
0 28 0
1 30 0
2 29 17
t 1026 50
m 15 6
0 29 0
1 30 1
2 30 17
t 1025 56
m 15 5
0 28 0
1 30 2
2 30 18
t 1024 56
m 15 6
0 29 0
1 30 1
2 30 19
f 4 19
t 1023 56
m 16 6
0 28 0
1 30 2
2 29 19
t 1022 56
m 16 6
0 29 0
1 31 2
2 30 19
t 1021 56
m 16 6
0 28 0
1 30 2
2 31 19
t 1020 56
m 16 6
0 28 1
1 31 2
2 32 19
t 1019 56
m 16 6
0 28 2
1 32 2
2 31 19
t 1018 56
m 16 6
0 27 2
1 31 2
2 30 19
t 1017 56
m 16 6
0 26 2
1 30 2
2 31 19
t 1016 56
m 16 7
0 27 2
1 30 1
2 32 19
t 1015 56
m 16 8
0 26 2
1 30 2
2 31 19
t 1014 56
m 16 7
0 26 1
1 30 1
2 32 19
t 1013 56
m 16 6
0 25 1
1 30 2
2 31 19
t 1012 56
m 16 7
0 24 1
1 30 1
2 30 19
t 1011 56
m 16 6
0 23 1
1 30 2
2 31 19
t 1010 56
m 16 7
0 22 1
1 30 1
2 32 19
t 1009 56
m 16 7
0 22 0
1 30 0
2 33 19
t 1008 56
m 16 7
0 22 1
1 29 0
2 34 19
t 1007 56
m 16 6
0 22 0
1 30 0
2 33 19
t 1006 56
m 16 6
0 21 0
1 31 0
2 32 19
t 1005 56
m 16 7
0 22 0
1 32 0
2 31 19
t 1004 56
m 16 6
0 22 1
1 33 0
2 30 19
t 1003 56
m 16 7
0 23 1
1 32 0
2 30 18
t 1002 56
m 16 7
0 24 1
1 31 0
2 30 17
t 1001 56
m 16 8
0 23 1
1 30 0
2 29 17
t 1000 56
m 16 7
0 24 1
1 29 0
2 30 17
t 999 56
m 16 6
0 23 1
1 28 0
2 30 16
t 998 56
m 15 6
0 24 1
1 27 0
2 31 16
t 997 56
m 15 5
0 23 1
1 28 0
2 30 16
t 996 56
m 16 5
0 24 1
1 28 1
2 30 17
t 995 56
m 17 5
0 25 1
1 28 2
2 30 16
t 994 56
m 17 5
0 24 1
1 27 2
2 30 17
t 993 56
m 18 5
0 25 1
1 28 2
2 30 18
t 992 56
m 19 5
0 26 1
1 27 2
2 30 19
t 991 56
m 19 6
0 26 0
1 26 2
2 30 18
t 990 63
m 20 6
0 26 1
1 26 1
2 30 17
t 989 63
m 19 6
0 25 1
1 26 2
2 29 17
t 988 63
m 18 6
0 26 1
1 27 2
2 28 17
t 987 63
m 18 6
0 26 2
1 28 2
2 29 17
t 986 63
m 18 6
0 27 2
1 27 2
2 30 17
t 985 63
m 18 5
0 26 2
1 26 2
2 30 18
t 984 63
m 18 6
0 26 1
1 27 2
2 30 19
t 983 63
m 19 6
0 26 2
1 28 2
2 29 19
t 982 63
m 19 5
0 26 1
1 27 2
2 30 19
t 981 63
m 19 5
0 25 1
1 26 2
2 30 18
t 980 63
m 19 6
0 24 1
1 26 1
2 30 17
t 979 63
m 20 6
0 23 1
1 25 1
2 30 16
t 978 63
m 19 6
0 24 1
1 26 1
2 31 16
t 977 63
m 19 5
0 23 1
1 26 2
2 31 15
t 976 63
m 18 5
0 22 1
1 27 2
2 31 14
t 975 63
m 17 5
0 22 0
1 28 2
2 30 14
t 974 63
m 16 5
0 21 0
1 27 2
2 31 14
t 973 63
m 16 6
0 22 0
1 26 2
2 32 14
t 972 63
m 16 5
0 22 1
1 26 1
2 33 14
t 971 63
m 15 5
0 22 0
1 25 1
2 32 14
t 970 63
m 15 6
0 22 1
1 24 1
2 33 14
t 969 63
m 14 6
0 22 0
1 23 1
2 34 14
t 968 63
m 13 6
0 22 1
1 22 1
2 34 15
t 967 63
m 13 6
0 23 1
1 23 1
2 34 14
t 966 63
m 13 6
0 24 1
1 22 1
2 33 14
t 965 63
m 13 6
0 23 1
1 22 0
2 32 14
t 964 63
m 13 6
0 24 1
1 22 1
2 33 14
t 963 63
m 13 6
0 23 1
1 22 0
2 32 14
t 962 63
m 12 6
0 24 1
1 22 1
2 31 14
t 961 63
m 12 7
0 25 1
1 22 0
2 30 14
t 960 63
m 12 8
0 24 1
1 22 1
2 31 14
t 959 63
m 12 8
0 23 1
1 23 1
2 32 14
t 958 63
m 12 9
0 22 1
1 24 1
2 33 14
t 957 63
m 12 9
0 23 1
1 23 1
2 32 14
t 956 63
m 12 10
0 24 1
1 22 1
2 33 14
t 955 63
m 13 10
0 25 1
1 22 0
2 34 14
t 954 63
m 13 11
0 24 1
1 22 1
2 33 14
t 953 70
m 13 11
0 25 1
1 22 0
2 32 14
t 952 70
m 13 12
0 24 1
1 21 0
2 31 14
t 951 70
m 14 12
0 25 1
1 22 0
2 31 15
t 950 70
m 15 12
0 24 1
1 22 1
2 31 16
t 949 70
m 15 13
0 23 1
1 22 0
2 32 16
t 948 70
m 15 12
0 24 1
1 21 0
2 31 16
t 947 70
m 14 12
0 25 1
1 22 0
2 31 15
t 946 70
m 15 12
0 24 1
1 21 0
2 31 14
t 945 70
m 16 12
0 25 1
1 22 0
2 32 14
t 944 70
m 15 12
0 24 1
1 22 1
2 33 14
t 943 70
m 15 12
0 23 1
1 22 0
2 32 14
t 942 70
m 14 12
0 24 1
1 22 1
2 31 14
t 941 70
m 13 12
0 23 1
1 23 1
2 31 15
t 940 70
m 13 13
0 24 1
1 22 1
2 31 16
t 939 70
m 13 13
0 25 1
1 23 1
2 30 16
t 938 70
m 13 12
0 26 1
1 24 1
2 31 16
t 937 70
m 14 12
0 26 2
1 23 1
2 31 15
t 936 70
m 15 12
0 27 2
1 24 1
2 31 14
t 935 70
m 16 12
0 28 2
1 23 1
2 30 14
t 934 70
m 17 12
0 27 2
1 22 1
2 31 14
t 933 70
m 18 12
0 28 2
1 23 1
2 30 14
t 932 70
m 19 12
0 27 2
1 24 1
2 31 14
t 931 70
m 19 13
0 26 2
1 25 1
2 32 14
t 930 70
m 19 13
0 27 2
1 26 1
2 33 14
t 929 70
m 19 13
0 28 2
1 26 0
2 32 14
t 928 70
m 19 12
0 27 2
1 27 0
2 33 14
t 927 70
m 20 12
0 26 2
1 28 0
2 32 14
t 926 70
m 21 12
0 26 1
1 28 1
2 31 14
t 925 70
m 21 13
0 26 2
1 28 0
2 30 14
t 924 76
m 21 14
0 27 2
1 27 0
2 30 13
t 923 76
m 21 13
0 26 2
1 26 0
2 30 14
t 922 76
m 21 13
0 26 1
1 26 1
2 30 13
t 921 76
m 21 12
0 25 1
1 26 0
2 29 13
t 920 76
m 20 12
0 24 1
1 26 1
2 30 13
t 919 76
m 19 12
0 23 1
1 26 0
2 29 13
t 918 76
m 19 13
0 24 1
1 26 1
2 30 13
t 917 76
m 19 14
0 25 1
1 26 0
2 29 13
t 916 76
m 19 15
0 24 1
1 26 1
2 28 13
t 915 76
m 19 15
0 25 1
1 26 0
2 29 13
t 914 76
m 19 14
0 26 1
1 26 1
2 30 13
t 913 76
m 19 14
0 26 2
1 26 0
2 29 13
t 912 76
m 19 13
0 26 1
1 27 0
2 30 13
t 911 76
m 19 12
0 26 2
1 26 0
2 30 14
t 910 76
m 19 12
0 26 1
1 27 0
2 30 13
t 909 76
m 18 12
0 26 0
1 26 0
2 29 13
t 908 76
m 18 12
0 27 0
1 26 1
2 28 13
t 907 76
m 19 12
0 26 0
1 25 1
2 29 13
t 906 76
m 19 13
0 26 1
1 24 1
2 28 13
t 905 76
m 19 13
0 26 0
1 23 1
2 29 13
t 904 76
m 19 14
0 27 0
1 22 1
2 28 13
t 903 76
m 19 15
0 28 0
1 22 0
2 27 13
t 902 76
m 19 15
0 29 0
1 21 0
2 27 12
t 901 76
m 19 14
0 28 0
1 22 0
2 27 13
t 900 76
m 19 15
0 28 1
1 22 1
2 27 12
t 899 76
m 19 15
0 28 2
1 22 0
2 27 11
t 898 76
m 19 16
0 27 2
1 21 0
2 27 10
t 897 76
m 19 16
0 28 2
1 20 0
2 26 10
t 896 76
m 18 16
0 28 1
1 19 0
2 25 10
t 895 76
m 19 16
0 28 2
1 18 0
2 26 10
t 894 76
m 18 16
0 27 2
1 19 0
2 27 10
t 893 76
m 18 16
0 28 2
1 20 0
2 26 10
t 892 76
m 19 16
0 27 2
1 21 0
2 27 10
t 891 76
m 19 15
0 28 2
1 20 0
2 27 11
t 890 76
m 19 14
0 28 1
1 21 0
2 27 12
t 889 76
m 19 15
0 28 2
1 22 0
2 27 11
t 888 76
m 19 15
0 27 2
1 21 0
2 27 12
t 887 76
m 19 16
0 26 2
1 20 0
2 27 13
t 886 76
m 19 16
0 27 2
1 19 0
2 27 12
t 885 76
m 19 17
0 26 2
1 19 1
2 27 11
t 884 76
m 19 16
0 26 1
1 19 0
2 27 12
t 883 76
m 19 16
0 26 0
1 18 0
2 27 11
t 882 76
m 19 17
0 26 1
1 17 0
2 27 10
t 881 76
m 19 18
0 25 1
1 18 0
2 26 10
t 880 76
m 19 18
0 26 1
1 17 0
2 25 10
t 879 76
m 19 17
0 26 2
1 18 0
2 26 10
t 878 76
m 19 18
0 27 2
1 17 0
2 25 10
t 877 76
m 19 19
0 28 2
1 18 0
2 24 10
t 876 76
m 20 19
0 27 2
1 19 0
2 23 10
t 875 76
m 20 19
0 28 2
1 18 0
2 22 10
t 874 76
m 21 19
0 27 2
1 19 0
2 22 9
t 873 76
m 21 19
0 26 2
1 18 0
2 22 8
t 872 76
m 22 19
0 27 2
1 17 0
2 22 7
t 871 76
m 23 19
0 26 2
1 18 0
2 22 6
t 870 76
m 24 19
0 27 2
1 19 0
2 21 6
t 869 83
m 25 19
0 26 2
1 20 0
2 20 6
t 868 83
m 26 19
0 26 1
1 21 0
2 21 6
t 867 83
m 27 19
0 25 1
1 20 0
2 20 6
t 866 90
m 28 19
0 24 1
1 21 0
2 21 6
t 865 90
m 28 19
0 23 1
1 22 0
2 22 6
t 864 90
m 29 19
0 24 1
1 22 1
2 21 6
t 863 90
m 30 19
0 25 1
1 22 0
2 22 6
t 862 96
m 30 18
0 26 1
1 21 0
2 22 7
t 861 96
m 30 17
0 26 0
1 22 0
2 22 6
t 860 96
m 30 16
0 26 1
1 22 1
2 22 7
t 859 96
m 30 16
0 26 2
1 22 0
2 22 6
t 858 96
m 31 16
0 26 1
1 21 0
2 21 6
t 857 96
m 31 16
0 26 0
1 20 0
2 22 6
t 856 96
m 31 16
0 27 0
1 21 0
2 21 6
t 855 96
m 32 16
0 26 0
1 22 0
2 22 6
t 854 96
m 33 16
0 26 1
1 22 1
2 21 6
t 853 96
m 34 16
0 26 0
1 23 1
2 22 6
t 852 103
m 34 16
0 27 0
1 22 1
2 22 7
t 851 103
m 33 16
0 28 0
1 22 0
2 22 6
t 850 103
m 32 16
0 29 0
1 22 1
2 22 7
t 849 103
m 32 16
0 28 0
1 23 1
2 22 8
t 848 103
m 33 16
0 28 1
1 22 1
2 22 9
t 847 103
m 34 16
0 28 0
1 22 0
2 22 8
t 846 103
m 34 16
0 27 0
1 21 0
2 22 9
t 845 103
m 34 16
0 28 0
1 22 0
2 22 10
t 844 103
m 34 15
0 28 1
1 22 1
2 21 10
t 843 103
m 34 14
0 28 2
1 23 1
2 22 10
t 842 103
m 34 14
0 27 2
1 22 1
2 22 9
t 841 103
m 34 14
0 26 2
1 23 1
2 22 10
t 840 103
m 33 14
0 26 1
1 24 1
2 22 9
t 839 103
m 34 14
0 26 0
1 23 1
2 22 8
t 838 103
m 34 15
0 27 0
1 22 1
2 22 7
t 837 103
m 34 15
0 28 0
1 23 1
2 22 8
t 836 103
m 34 16
0 29 0
1 22 1
2 22 9
t 835 103
m 34 16
0 28 0
1 22 0
2 22 8
t 834 103
m 34 15
0 28 1
1 21 0
2 22 7
t 833 103
m 34 16
0 28 2
1 22 0
2 22 6
t 832 103
m 33 16
0 27 2
1 21 0
2 22 7
t 831 103
m 34 16
0 28 2
1 20 0
2 22 6
t 830 103
m 34 15
0 28 1
1 19 0
2 21 6
t 829 103
m 34 14
0 28 0
1 18 0
2 20 6
t 828 103
m 34 14
0 27 0
1 19 0
2 19 6
t 827 103
m 33 14
0 26 0
1 19 1
2 19 5
t 826 103
m 32 14
0 27 0
1 19 0
2 19 4
t 825 103
m 32 14
0 28 0
1 20 0
2 19 5
t 824 103
m 31 14
0 29 0
1 21 0
2 19 4
t 823 103
m 31 15
0 28 0
1 22 0
2 19 5
t 822 103
m 31 15
0 29 0
1 21 0
2 19 6
t 821 103
m 31 15
0 28 0
1 20 0
2 18 6
t 820 103
m 31 16
0 29 0
1 19 0
2 19 6
t 819 103
m 30 16
0 30 0
1 20 0
2 20 6
t 818 103
m 31 16
0 31 0
1 21 0
2 19 6
t 817 103
m 32 16
0 32 0
1 22 0
2 20 6
t 816 103
m 31 16
0 31 0
1 21 0
2 21 6
t 815 103
m 31 16
0 30 0
1 22 0
2 20 6
t 814 103
m 32 16
0 31 0
1 21 0
2 19 6
t 813 103
m 31 16
0 30 0
1 20 0
2 19 5
t 812 103
m 32 16
0 29 0
1 21 0
2 19 4
t 811 103
m 33 16
0 28 0
1 20 0
2 19 5
t 810 103
m 34 16
0 28 1
1 21 0
2 18 5
t 809 103
m 34 15
0 28 2
1 22 0
2 19 5
t 808 103
m 34 14
0 28 1
1 22 1
2 19 4
t 807 103
m 34 13
0 28 2
1 22 0
2 19 5
t 806 103
m 34 12
0 28 1
1 21 0
2 19 4
t 805 103
m 34 11
0 28 0
1 22 0
2 19 5
t 804 103
m 34 10
0 29 0
1 22 1
2 19 6
t 803 103
m 34 10
0 28 0
1 23 1
2 18 6
t 802 103
m 34 9
0 29 0
1 24 1
2 18 5
t 801 103
m 33 9
0 30 0
1 23 1
2 18 6
t 800 103
m 34 9
0 31 0
1 24 1
2 18 7
t 799 103
m 33 9
0 30 0
1 23 1
2 18 6
t 798 103
m 33 8
0 30 1
1 24 1
2 18 7
t 797 103
m 33 9
0 30 2
1 23 1
2 18 6
t 796 103
m 33 8
0 31 2
1 22 1
2 18 5
t 795 103
m 33 8
0 30 2
1 22 0
2 18 6
t 794 103
m 33 7
0 31 2
1 22 1
2 19 6
t 793 103
m 33 6
0 30 2
1 22 0
2 19 5
t 792 103
m 33 5
0 31 2
1 21 0
2 19 4
t 791 103
m 33 4
0 30 2
1 22 0
2 19 3
t 790 166
