35
20
m 0 19
0 34 0
1 34 0
2 34 0
w 0 5
w 0 6
w 0 7
w 0 8
w 1 1
w 1 2
w 1 3
w 1 10
w 1 11
w 1 12
w 1 13
w 1 15
w 1 17
w 1 18
w 2 1
w 2 5
w 2 6
w 2 7
w 2 8
w 2 13
w 2 15
w 2 17
w 2 18
w 3 1
w 3 3
w 3 4
w 3 5
w 3 6
w 3 7
w 3 8
w 3 9
w 3 10
w 3 11
w 3 13
w 3 17
w 3 18
w 4 3
w 4 4
w 4 5
w 4 6
w 4 7
w 4 8
w 4 9
w 4 10
w 4 11
w 4 15
w 5 1
w 5 2
w 5 3
w 5 4
w 5 5
w 5 6
w 5 7
w 5 8
w 5 9
w 5 10
w 5 11
w 5 12
w 5 14
w 5 15
w 5 16
w 5 18
w 6 3
w 6 4
w 6 5
w 6 6
w 6 7
w 6 8
w 6 9
w 6 10
w 6 11
w 6 12
w 6 14
w 6 15
w 6 16
w 6 18
w 7 1
w 7 3
w 7 4
w 7 5
w 7 6
w 7 7
w 7 8
w 7 9
w 7 14
w 7 15
w 7 16
w 8 3
w 8 4
w 8 5
w 8 6
w 8 7
w 8 8
w 8 9
w 8 11
w 8 12
w 8 13
w 8 14
w 8 15
w 8 16
w 8 18
w 9 0
w 9 2
w 9 3
w 9 4
w 9 5
w 9 6
w 9 7
w 9 8
w 9 9
w 9 11
w 9 12
w 9 13
w 9 14
w 9 15
w 9 16
w 10 0
w 10 2
w 10 3
w 10 4
w 10 5
w 10 6
w 10 7
w 10 8
w 10 9
w 10 11
w 10 12
w 10 13
w 10 14
w 10 15
w 10 16
w 10 17
w 10 18
w 11 0
w 11 2
w 11 3
w 11 4
w 11 5
w 11 6
w 11 7
w 11 8
w 11 9
w 11 11
w 11 12
w 11 13
w 11 14
w 11 15
w 11 16
w 11 17
w 11 18
w 12 2
w 12 3
w 12 4
w 12 5
w 12 11
w 12 12
w 12 13
w 12 14
w 12 15
w 12 16
w 12 17
w 12 18
w 13 1
w 13 2
w 13 3
w 13 4
w 13 5
w 13 7
w 13 8
w 13 9
w 14 1
w 14 2
w 14 3
w 14 4
w 14 5
w 14 7
w 14 8
w 14 9
w 14 11
w 14 13
w 14 14
w 14 15
w 14 16
w 14 17
w 14 18
w 15 7
w 15 8
w 15 9
w 15 11
w 16 1
w 16 2
w 16 3
w 16 4
w 16 13
w 16 14
w 16 15
w 16 17
w 16 18
w 16 19
w 17 1
w 17 2
w 17 3
w 17 4
w 17 6
w 17 7
w 17 8
w 17 9
w 17 10
w 17 11
w 17 13
w 17 14
w 17 15
w 17 17
w 17 18
w 17 19
w 18 1
w 18 2
w 18 3
w 18 4
w 18 13
w 18 14
w 18 15
w 18 17
w 18 18
w 18 19
w 19 7
w 19 8
w 19 9
w 19 11
w 20 1
w 20 2
w 20 3
w 20 4
w 20 5
w 20 7
w 20 8
w 20 9
w 20 11
w 20 13
w 20 14
w 20 15
w 20 16
w 20 17
w 20 18
w 21 1
w 21 2
w 21 3
w 21 4
w 21 5
w 21 7
w 21 8
w 21 9
w 22 2
w 22 3
w 22 4
w 22 5
w 22 11
w 22 12
w 22 13
w 22 14
w 22 15
w 22 16
w 22 17
w 22 18
w 23 0
w 23 2
w 23 3
w 23 4
w 23 5
w 23 6
w 23 7
w 23 8
w 23 9
w 23 11
w 23 12
w 23 13
w 23 14
w 23 15
w 23 16
w 23 17
w 23 18
w 24 0
w 24 2
w 24 3
w 24 4
w 24 5
w 24 6
w 24 7
w 24 8
w 24 9
w 24 11
w 24 12
w 24 13
w 24 14
w 24 15
w 24 16
w 24 17
w 24 18
w 25 0
w 25 2
w 25 3
w 25 4
w 25 5
w 25 6
w 25 7
w 25 8
w 25 9
w 25 11
w 25 12
w 25 13
w 25 14
w 25 15
w 25 16
w 26 3
w 26 4
w 26 5
w 26 6
w 26 7
w 26 8
w 26 9
w 26 11
w 26 12
w 26 13
w 26 14
w 26 15
w 26 16
w 26 18
w 27 1
w 27 3
w 27 4
w 27 5
w 27 6
w 27 7
w 27 8
w 27 9
w 27 14
w 27 15
w 27 16
w 28 3
w 28 4
w 28 5
w 28 6
w 28 7
w 28 8
w 28 9
w 28 10
w 28 11
w 28 12
w 28 14
w 28 15
w 28 16
w 28 18
w 29 1
w 29 2
w 29 3
w 29 4
w 29 5
w 29 6
w 29 7
w 29 8
w 29 9
w 29 10
w 29 11
w 29 12
w 29 14
w 29 15
w 29 16
w 29 18
w 30 3
w 30 4
w 30 5
w 30 6
w 30 7
w 30 8
w 30 9
w 30 10
w 30 11
w 30 15
w 31 1
w 31 3
w 31 4
w 31 5
w 31 6
w 31 7
w 31 8
w 31 9
w 31 10
w 31 11
w 31 13
w 31 17
w 31 18
w 32 1
w 32 5
w 32 6
w 32 7
w 32 8
w 32 13
w 32 15
w 32 17
w 32 18
w 33 1
w 33 2
w 33 3
w 33 10
w 33 11
w 33 12
w 33 13
w 33 15
w 33 17
w 33 18
w 34 5
w 34 6
w 34 7
w 34 8
p 0 0
p 21 13
p 17 0
p 34 16
p 1 8
p 19 6
p 24 19
p 30 19
p 6 13
p 15 6
p 27 19
p 9 17
p 3 15
p 13 11
p 33 4
t 1400 0
m 0 18
0 33 0
1 34 1
2 33 0
t 1399 0
m 0 19
0 34 0
1 34 0
2 32 0
t 1398 0
m 1 19
0 33 0
1 34 1
2 31 0
t 1397 0
m 1 19
0 34 0
1 34 0
2 32 0
f 3 16
t 1396 0
m 0 19
0 33 0
1 34 1
2 33 0
t 1395 0
m 1 19
0 34 0
1 34 0
2 32 0
t 1394 0
m 1 19
0 34 1
1 34 1
2 33 0
t 1393 0
m 1 19
0 34 0
1 34 0
2 34 0
t 1392 0
m 2 19
0 33 0
1 34 1
2 33 0
t 1391 0
m 2 19
0 32 0
1 34 0
2 34 0
t 1390 0
m 1 19
0 31 0
1 34 1
2 33 0
t 1389 0
m 1 19
0 30 0
1 34 2
2 34 0
t 1388 0
m 2 19
0 30 1
1 34 1
2 34 1
t 1387 0
m 3 19
0 30 2
1 34 0
2 34 0
t 1386 0
m 3 19
0 31 2
1 33 0
2 33 0
t 1385 0
m 3 19
0 30 2
1 34 0
2 34 0
t 1384 0
m 3 19
0 31 2
1 34 1
2 34 1
t 1383 0
m 4 19
0 30 2
1 34 2
2 34 0
t 1382 0
m 4 18
0 30 1
1 34 1
2 33 0
t 1381 0
m 4 18
0 30 2
1 34 2
2 34 0
t 1380 0
m 4 17
0 30 1
1 34 1
2 33 0
t 1379 0
m 4 16
0 30 0
1 34 2
2 32 0
t 1378 0
m 3 16
0 31 0
1 34 1
2 33 0
t 1377 10
m 3 16
0 32 0
1 34 0
2 32 0
t 1376 10
m 2 16
0 31 0
1 33 0
2 31 0
f 16 10
t 1375 10
m 1 16
0 30 0
1 32 0
2 30 0
t 1374 10
m 1 16
0 30 1
1 33 0
2 29 0
t 1373 10
m 1 16
0 30 2
1 32 0
2 28 0
t 1372 10
m 2 16
0 30 1
1 31 0
2 29 0
t 1371 10
m 2 16
0 30 2
1 32 0
2 30 0
t 1370 10
m 1 16
0 30 1
1 31 0
2 31 0
t 1369 10
m 1 16
0 30 0
1 32 0
2 32 0
t 1368 10
m 1 16
0 30 1
1 33 0
2 33 0
t 1367 10
m 1 16
0 30 0
1 34 0
2 32 0
t 1366 10
m 2 16
0 31 0
1 33 0
2 33 0
t 1365 10
m 3 16
0 30 0
1 32 0
2 34 0
t 1364 10
m 3 15
0 31 0
1 31 0
2 34 1
t 1363 16
m 3 14
0 32 0
1 30 0
2 34 0
t 1362 16
m 4 14
0 31 0
1 29 0
2 34 1
t 1361 16
m 4 13
0 30 0
1 30 0
2 34 2
t 1360 16
m 5 13
0 29 0
1 30 1
2 34 1
t 1359 16
m 5 13
0 30 0
1 30 0
2 34 0
t 1358 16
m 6 13
0 29 0
1 30 1
2 33 0
t 1357 23
m 5 13
0 28 0
1 30 0
2 34 0
t 1356 23
m 6 13
0 29 0
1 30 1
2 34 1
t 1355 23
m 7 13
0 28 0
1 30 2
2 34 0
t 1354 23
m 7 13
0 27 0
1 30 1
2 33 0
t 1353 23
m 7 12
0 26 0
1 30 0
2 32 0
t 1352 23
m 7 11
0 27 0
1 29 0
2 33 0
t 1351 23
m 7 11
0 28 0
1 30 0
2 32 0
t 1350 23
m 7 11
0 29 0
1 30 1
2 33 0
t 1349 23
m 7 11
0 28 0
1 30 2
2 32 0
t 1348 23
m 7 10
0 27 0
1 30 1
2 33 0
t 1347 23
m 7 10
0 28 0
1 30 2
2 34 0
t 1346 23
m 7 10
0 27 0
1 30 1
2 34 1
t 1345 23
m 7 11
0 28 0
1 30 2
2 34 2
t 1344 23
m 7 11
0 29 0
1 30 1
2 34 3
t 1343 23
m 7 11
0 30 0
1 30 0
2 34 2
t 1342 23
m 7 10
0 30 1
1 30 1
2 34 1
t 1341 23
m 8 10
0 30 2
1 30 0
2 34 2
t 1340 23
m 7 10
0 30 1
1 30 1
2 34 3
t 1339 23
m 7 10
0 30 0
1 30 2
2 34 2
t 1338 23
m 8 10
0 31 0
1 31 2
2 34 1
t 1337 23
m 7 10
0 32 0
1 32 2
2 34 0
t 1336 23
m 8 10
0 31 0
1 31 2
2 34 1
t 1335 23
m 8 10
0 32 0
1 30 2
2 34 0
t 1334 23
m 9 10
0 33 0
1 30 1
2 34 1
t 1333 23
m 10 10
0 32 0
1 30 0
2 34 2
t 1332 23
m 11 10
0 33 0
1 29 0
2 34 1
t 1331 23
m 12 10
0 34 0
1 28 0
2 34 0
t 1330 23
m 13 10
0 33 0
1 29 0
2 33 0
t 1329 23
m 13 11
0 34 0
1 28 0
2 34 0
t 1328 30
m 13 11
0 34 1
1 28 1
2 33 0
t 1327 30
m 13 10
0 34 0
1 28 2
2 32 0
t 1326 30
m 14 10
0 33 0
1 28 1
2 31 0
t 1325 30
m 15 10
0 34 0
1 28 0
2 32 0
t 1324 30
m 16 10
0 33 0
1 29 0
2 33 0
t 1323 40
m 15 10
0 34 0
1 28 0
2 34 0
f 10 1
t 1322 40
m 14 10
0 33 0
1 28 1
2 33 0
t 1321 40
m 15 10
0 32 0
1 28 0
2 32 0
t 1320 40
m 16 10
0 31 0
1 29 0
2 33 0
t 1319 40
m 15 10
0 32 0
1 30 0
2 32 0
t 1318 40
m 15 10
0 33 0
1 31 0
2 33 0
t 1317 40
m 16 10
0 34 0
1 30 0
2 32 0
t 1316 40
m 16 9
0 33 0
1 31 0
2 31 0
t 1315 40
m 16 8
0 34 0
1 32 0
2 32 0
t 1314 40
m 16 7
0 34 1
1 33 0
2 31 0
t 1313 40
m 16 6
0 34 2
1 34 0
2 32 0
t 1312 40
m 16 6
0 34 1
1 34 1
2 31 0
t 1311 40
m 16 6
0 34 0
1 34 2
2 32 0
t 1310 40
m 16 6
0 33 0
1 34 1
2 33 0
t 1309 40
m 15 6
0 34 0
1 34 2
2 34 0
t 1308 46
m 16 6
0 33 0
1 34 3
2 33 0
t 1307 46
m 16 6
0 32 0
1 34 2
2 32 0
t 1306 46
m 16 7
0 33 0
1 34 1
2 31 0
t 1305 46
m 16 7
0 32 0
1 34 0
2 30 0
t 1304 46
m 16 6
0 33 0
1 34 1
2 31 0
t 1303 46
m 16 7
0 34 0
1 34 2
2 30 0
t 1302 46
m 16 6
0 34 1
1 34 3
2 29 0
t 1301 46
m 15 6
0 34 2
1 34 2
2 28 0
t 1300 46
m 16 6
0 34 1
1 34 1
2 29 0
t 1299 46
m 16 5
0 34 0
1 34 0
2 30 0
t 1298 46
m 17 5
0 34 1
1 33 0
2 29 0
t 1297 46
m 18 5
0 34 0
1 32 0
2 28 0
t 1296 46
m 19 5
0 34 1
1 33 0
2 29 0
t 1295 46
m 19 5
0 34 0
1 34 0
2 30 0
t 1294 46
m 18 5
0 34 1
1 33 0
2 30 1
t 1293 46
m 18 5
0 34 0
1 32 0
2 30 2
t 1292 46
m 18 6
0 34 1
1 33 0
2 31 2
t 1291 46
m 19 6
0 34 2
1 32 0
2 32 2
t 1290 53
m 18 6
0 34 1
1 31 0
2 32 3
t 1289 53
m 19 6
0 34 2
1 30 0
2 32 4
t 1288 53
m 20 6
0 34 3
1 29 0
2 33 4
t 1287 53
m 20 6
0 34 2
1 30 0
2 33 5
t 1286 53
m 20 6
0 34 1
1 31 0
2 33 6
t 1285 53
m 21 6
0 34 2
1 32 0
2 33 5
t 1284 53
m 22 6
0 34 1
1 33 0
2 33 6
t 1283 53
m 21 6
0 34 0
1 32 0
2 33 7
t 1282 53
m 21 6
0 33 0
1 31 0
2 33 6
t 1281 53
m 21 6
0 32 0
1 32 0
2 33 7
t 1280 53
m 20 6
0 33 0
1 33 0
2 33 6
t 1279 53
m 19 6
0 32 0
1 32 0
2 33 5
t 1278 53
m 20 6
0 33 0
1 33 0
2 33 6
t 1277 53
m 19 6
0 32 0
1 32 0
2 33 7
t 1276 53
m 19 5
0 31 0
1 31 0
2 33 8
t 1275 53
m 19 5
0 30 0
1 30 0
2 33 7
t 1274 53
m 19 4
0 30 1
1 29 0
2 33 8
t 1273 53
m 19 4
0 30 0
1 30 0
2 33 7
t 1272 53
m 19 5
0 30 1
1 31 0
2 33 6
t 1271 53
m 18 5
0 30 2
1 30 0
2 33 5
t 1270 53
m 18 6
0 31 2
1 31 0
2 33 4
t 1269 53
m 18 6
0 32 2
1 32 0
2 33 5
t 1268 53
m 18 6
0 31 2
1 33 0
2 33 4
t 1267 53
m 18 5
0 32 2
1 34 0
2 34 4
t 1266 53
m 17 5
0 32 3
1 33 0
2 33 4
t 1265 53
m 16 5
0 32 2
1 32 0
2 34 4
t 1264 53
m 15 5
0 31 2
1 33 0
2 34 3
t 1263 53
m 15 4
0 32 2
1 32 0
2 34 2
t 1262 53
m 15 3
0 32 3
1 33 0
2 34 3
t 1261 53
m 15 2
0 32 2
1 34 0
2 34 4
t 1260 53
m 15 2
0 31 2
1 34 1
2 33 4
t 1259 53
m 15 1
0 30 2
1 34 2
2 34 4
t 1258 53
m 15 1
0 31 2
1 34 3
2 33 4
t 1257 53
m 15 1
0 30 2
1 34 4
2 33 5
t 1256 53
m 15 1
0 30 1
1 33 4
2 33 6
t 1255 53
m 15 1
0 30 2
1 33 5
2 33 7
t 1254 53
m 15 0
0 31 2
1 33 6
2 33 8
t 1253 53
m 15 1
0 32 2
1 33 5
2 33 9
t 1252 53
m 15 1
0 32 3
1 33 6
2 32 9
t 1251 53
m 15 2
0 32 2
1 33 5
2 32 10
t 1250 53
m 15 1
0 31 2
1 33 4
2 32 9
t 1249 53
m 15 0
0 32 2
1 33 5
2 32 10
t 1248 53
m 15 1
0 31 2
1 33 6
2 32 9
t 1247 53
m 15 0
0 32 2
1 33 5
2 33 9
t 1246 53
m 16 0
0 32 3
1 33 4
2 34 9
t 1245 53
m 17 0
0 32 2
1 32 4
2 34 10
t 1244 60
m 16 0
0 32 3
1 33 4
2 34 11
t 1243 60
m 17 0
0 32 2
1 33 5
2 34 10
t 1242 60
m 16 0
0 31 2
1 33 4
2 34 11
t 1241 60
m 15 0
0 30 2
1 33 5
2 34 10
t 1240 60
m 16 0
0 30 1
1 33 6
2 34 9
t 1239 60
m 16 0
0 30 2
1 33 7
2 33 9
t 1238 60
m 16 0
0 30 1
1 33 8
2 33 8
t 1237 60
m 15 0
0 30 2
1 33 9
2 33 9
t 1236 60
m 16 0
0 31 2
1 32 9
2 34 9
t 1235 60
m 17 0
0 32 2
1 33 9
2 33 9
t 1234 60
m 17 0
0 31 2
1 33 8
2 32 9
t 1233 60
m 17 0
0 30 2
1 33 7
2 33 9
t 1232 60
m 18 0
0 30 1
1 33 6
2 32 9
t 1231 60
m 18 0
0 30 0
1 33 7
2 33 9
t 1230 60
m 17 0
0 30 1
1 33 6
2 32 9
t 1229 60
m 16 0
0 30 0
1 33 7
2 33 9
t 1228 60
m 15 0
0 30 1
1 33 6
2 34 9
t 1227 60
m 15 1
0 30 0
1 33 7
2 33 9
t 1226 60
m 15 0
0 30 1
1 33 6
2 32 9
t 1225 60
m 15 0
0 30 2
1 33 7
2 33 9
t 1224 60
m 15 0
0 30 1
1 33 6
2 33 8
t 1223 60
m 15 1
0 30 2
1 33 7
2 33 9
t 1222 60
m 15 2
0 30 1
1 33 8
2 33 8
t 1221 60
m 15 1
0 30 2
1 33 9
2 33 7
t 1220 60
m 15 1
0 31 2
1 34 9
2 33 8
t 1219 60
m 15 1
0 30 2
1 34 10
2 33 9
t 1218 60
m 15 0
0 30 1
1 34 11
2 33 8
t 1217 60
m 14 0
0 30 0
1 34 12
2 33 7
t 1216 60
m 13 0
0 29 0
1 34 11
2 33 8
t 1215 60
m 12 0
0 28 0
1 34 12
2 33 7
t 1214 60
m 12 1
0 28 1
1 34 13
2 33 6
t 1213 60
m 12 1
0 28 0
1 34 14
2 33 5
t 1212 60
m 11 1
0 29 0
1 33 14
2 33 6
t 1211 60
m 10 1
0 30 0
1 32 14
2 33 7
t 1210 70
m 10 1
0 30 1
1 33 14
2 33 6
t 1209 70
m 9 1
0 30 0
1 32 14
2 33 5
t 1208 70
m 10 1
0 29 0
1 31 14
2 33 4
f 4 19
t 1207 70
m 10 1
0 28 0
1 32 14
2 34 4
t 1206 70
m 9 1
0 28 1
1 33 14
2 34 3
t 1205 70
m 10 1
0 28 0
1 34 14
2 34 4
t 1204 70
m 10 1
0 28 1
1 34 13
2 33 4
t 1203 70
m 10 1
0 28 0
1 34 14
2 33 5
t 1202 70
m 9 1
0 29 0
1 34 15
2 33 4
t 1201 70
m 8 1
0 30 0
1 34 16
2 32 4
t 1200 70
m 8 1
0 30 1
1 33 16
2 32 3
t 1199 70
m 8 1
0 30 2
1 32 16
2 32 4
t 1198 70
m 8 2
0 30 1
1 33 16
2 32 3
t 1197 70
m 7 2
0 30 0
1 34 16
2 32 2
t 1196 70
m 7 2
0 31 0
1 33 16
2 31 2
t 1195 70
m 7 2
0 32 0
1 34 16
2 32 2
t 1194 70
m 6 2
0 33 0
1 34 17
2 32 3
t 1193 70
m 6 1
0 34 0
1 34 18
2 32 4
t 1192 70
m 6 1
0 34 1
1 34 17
2 33 4
t 1191 70
m 6 0
0 34 0
1 34 16
2 32 4
t 1190 70
m 5 0
0 34 1
1 34 17
2 33 4
t 1189 70
m 5 0
0 34 2
1 34 16
2 34 4
t 1188 70
m 4 0
0 34 1
1 34 17
2 34 3
t 1187 70
m 5 0
0 34 2
1 34 18
2 34 4
t 1186 70
m 5 0
0 34 1
1 34 19
2 34 3
t 1185 70
m 4 0
0 34 0
1 33 19
2 34 2
t 1184 70
m 5 0
0 34 1
1 34 19
2 34 1
t 1183 70
m 4 0
0 34 2
1 33 19
2 34 2
t 1182 70
m 5 0
0 34 3
1 34 19
2 34 3
t 1181 70
m 4 0
0 34 2
1 34 18
2 34 4
t 1180 70
m 5 0
0 34 1
1 34 17
2 33 4
t 1179 70
m 4 0
0 34 2
1 34 16
2 32 4
t 1178 70
m 3 0
0 34 3
1 34 15
2 33 4
t 1177 70
m 2 0
0 34 2
1 34 14
2 33 5
t 1176 70
m 1 0
0 34 3
1 34 13
2 33 4
t 1175 70
m 0 0
0 34 4
1 34 14
2 34 4
t 1174 76
m 1 0
0 33 4
1 34 13
2 34 3
t 1173 76
m 0 0
0 34 4
1 34 12
2 34 4
t 1172 76
m 0 0
0 33 4
1 34 11
2 33 4
t 1171 76
m 1 0
0 34 4
1 34 12
2 34 4
t 1170 76
m 1 0
0 33 4
1 34 13
2 34 3
t 1169 76
m 1 0
0 33 5
1 34 12
2 34 4
t 1168 76
m 1 0
0 33 4
1 34 11
2 33 4
t 1167 76
m 2 0
0 32 4
1 34 10
2 34 4
t 1166 76
m 3 0
0 32 3
1 34 11
2 34 3
t 1165 76
m 3 0
0 32 2
1 34 10
2 34 2
t 1164 76
m 3 0
0 32 3
1 34 11
2 34 1
t 1163 76
m 3 0
0 32 4
1 34 12
2 34 0
t 1162 76
m 3 0
0 33 4
1 34 11
2 33 0
t 1161 76
m 2 0
0 33 5
1 34 12
2 34 0
t 1160 76
m 1 0
0 33 6
1 34 13
2 33 0
t 1159 76
m 2 0
0 33 7
1 34 14
2 34 0
t 1158 76
m 3 0
0 33 8
1 34 13
2 33 0
t 1157 76
m 4 0
0 33 7
1 34 12
2 32 0
t 1156 76
m 4 1
0 33 8
1 34 13
2 33 0
t 1155 76
m 4 1
0 33 9
1 34 14
2 32 0
t 1154 76
m 4 1
0 32 9
1 34 13
2 31 0
t 1153 76
m 4 2
0 33 9
1 34 14
2 30 0
t 1152 76
m 4 2
0 32 9
1 34 15
2 30 1
t 1151 76
m 4 2
0 33 9
1 34 14
2 30 2
t 1150 76
m 4 2
0 33 8
1 34 13
2 31 2
t 1149 76
m 3 2
0 33 7
1 34 12
2 30 2
t 1148 76
m 2 2
0 33 6
1 34 11
2 30 1
t 1147 76
m 2 2
0 33 5
1 34 12
2 30 0
t 1146 76
m 2 3
0 33 4
1 34 11
2 31 0
t 1145 76
m 2 3
0 32 4
1 34 10
2 30 0
t 1144 76
m 2 4
0 33 4
1 34 11
2 29 0
t 1143 76
m 2 4
0 33 5
1 34 12
2 28 0
t 1142 76
m 2 4
0 33 4
1 34 11
2 29 0
t 1141 76
m 2 4
0 32 4
1 34 10
2 30 0
t 1140 76
m 2 4
0 33 4
1 34 11
2 31 0
t 1139 76
m 1 4
0 34 4
1 34 10
2 32 0
t 1138 76
m 1 5
0 34 3
1 34 9
2 31 0
t 1137 76
m 1 5
0 34 2
1 33 9
2 32 0
t 1136 76
m 1 6
0 34 3
1 33 8
2 33 0
t 1135 76
m 1 7
0 34 2
1 33 9
2 32 0
t 1134 76
m 1 7
0 34 1
1 32 9
2 31 0
t 1133 76
m 1 8
0 34 0
1 33 9
2 32 0
t 1132 83
m 1 9
0 34 1
1 32 9
2 33 0
t 1131 83
m 1 9
0 34 0
1 33 9
2 32 0
t 1130 83
m 2 9
0 34 1
1 33 8
2 31 0
t 1129 83
m 2 10
0 34 0
1 33 9
2 30 0
t 1128 83
m 2 11
0 33 0
1 33 8
2 30 1
t 1127 83
m 2 11
0 32 0
1 33 9
2 30 2
t 1126 83
m 2 11
0 33 0
1 32 9
2 31 2
t 1125 83
m 2 12
0 32 0
1 32 10
2 30 2
t 1124 83
m 3 12
0 33 0
1 32 11
2 30 1
t 1123 83
m 3 12
0 32 0
1 32 10
2 30 2
t 1122 83
m 4 12
0 33 0
1 32 11
2 31 2
t 1121 83
m 4 12
0 32 0
1 32 12
2 32 2
t 1120 83
m 3 12
0 33 0
1 32 11
2 31 2
t 1119 83
m 4 12
0 34 0
1 32 12
2 32 2
t 1118 83
m 4 13
0 34 1
1 31 12
2 31 2
t 1117 83
m 4 14
0 34 0
1 30 12
2 30 2
t 1116 83
m 3 14
0 34 1
1 30 13
2 31 2
t 1115 83
m 3 15
0 34 0
1 29 13
2 32 2
t 1114 83
m 3 16
0 34 1
1 28 13
2 32 3
t 1113 83
m 4 16
0 34 2
1 27 13
2 32 4
t 1112 83
m 4 17
0 34 3
1 28 13
2 32 3
t 1111 83
m 4 18
0 34 4
1 29 13
2 32 4
t 1110 83
m 4 17
0 34 3
1 28 13
2 33 4
t 1109 83
m 4 17
0 34 2
1 27 13
2 32 4
t 1108 83
m 4 17
0 34 3
1 28 13
2 32 3
t 1107 83
m 5 17
0 34 4
1 27 13
2 32 4
t 1106 83
m 4 17
0 34 3
1 27 12
2 33 4
t 1105 83
m 4 18
0 34 2
1 27 11
2 33 5
t 1104 83
m 4 19
0 34 3
1 27 12
2 33 6
f 28 1
t 1103 93
m 4 18
0 34 2
1 27 13
2 33 7
t 1102 93
m 4 17
0 34 3
1 27 12
2 33 8
t 1101 93
m 5 17
0 34 4
1 27 13
2 33 7
t 1100 93
m 6 17
0 34 3
1 27 12
2 33 8
t 1099 93
m 7 17
0 34 4
1 27 11
2 33 7
t 1098 93
m 8 17
0 34 3
1 27 10
2 33 6
t 1097 93
m 9 17
0 34 2
1 26 10
2 33 7
t 1096 100
m 9 17
0 34 3
1 25 10
2 33 6
t 1095 100
m 9 18
0 34 4
1 24 10
2 33 7
t 1094 100
m 9 18
0 33 4
1 25 10
2 33 6
t 1093 100
m 9 19
0 32 4
1 24 10
2 33 5
t 1092 100
m 9 19
0 32 3
1 23 10
2 33 6
t 1091 100
m 9 18
0 32 2
1 24 10
2 33 5
t 1090 100
m 9 17
0 31 2
1 23 10
2 33 6
t 1089 100
m 9 18
0 30 2
1 24 10
2 33 7
t 1088 100
m 9 17
0 31 2
1 23 10
2 33 6
t 1087 100
m 9 17
0 32 2
1 24 10
2 33 5
t 1086 100
m 9 18
0 31 2
1 25 10
2 33 4
t 1085 100
m 9 18
0 30 2
1 24 10
2 32 4
t 1084 100
m 9 18
0 30 1
1 25 10
2 33 4
t 1083 100
m 9 18
0 30 2
1 24 10
2 32 4
t 1082 100
m 9 18
0 30 1
1 23 10
2 32 3
t 1081 100
m 9 18
0 30 2
1 24 10
2 32 4
t 1080 100
m 9 19
0 30 1
1 23 10
2 32 3
t 1079 100
m 8 19
0 30 0
1 24 10
2 32 2
t 1078 100
m 8 19
0 30 1
1 25 10
2 32 3
t 1077 100
m 7 19
0 30 2
1 24 10
2 32 4
t 1076 100
m 8 19
0 31 2
1 25 10
2 32 3
t 1075 100
m 9 19
0 30 2
1 26 10
2 32 4
t 1074 100
m 9 18
0 30 1
1 25 10
2 33 4
t 1073 100
m 9 17
0 30 0
1 26 10
2 33 5
t 1072 100
m 9 17
0 30 1
1 27 10
2 33 6
t 1071 100
m 8 17
0 30 0
1 26 10
2 33 5
t 1070 100
m 9 17
0 29 0
1 27 10
2 33 4
t 1069 100
m 9 18
0 28 0
1 26 10
2 34 4
t 1068 100
m 9 18
0 28 1
1 27 10
2 34 3
t 1067 100
m 9 17
0 28 2
1 26 10
2 34 4
t 1066 100
m 9 18
0 27 2
1 25 10
2 34 3
t 1065 100
m 9 17
0 26 2
1 24 10
2 34 4
t 1064 100
m 9 18
0 27 2
1 23 10
2 33 4
t 1063 100
m 9 17
0 28 2
1 24 10
2 33 5
t 1062 100
m 9 17
0 28 1
1 23 10
2 33 6
t 1061 100
m 8 17
0 28 2
1 24 10
2 33 5
t 1060 100
m 9 17
0 27 2
1 23 10
2 33 4
t 1059 100
m 9 18
0 28 2
1 24 10
2 33 5
t 1058 100
m 9 18
0 28 1
1 23 10
2 33 4
t 1057 100
m 9 19
0 28 2
1 22 10
2 34 4
t 1056 100
m 9 19
0 27 2
1 21 10
2 34 3
t 1055 100
m 10 19
0 26 2
1 22 10
2 34 2
t 1054 100
m 10 19
0 26 1
1 23 10
2 34 1
t 1053 100
m 9 19
0 25 1
1 22 10
2 34 2
t 1052 100
m 9 18
0 24 1
1 22 9
2 34 3
t 1051 100
m 9 17
0 25 1
1 22 8
2 34 2
t 1050 100
m 9 17
0 24 1
1 22 7
2 34 3
t 1049 100
m 8 17
0 25 1
1 22 6
2 34 4
t 1048 100
m 9 17
0 26 1
1 22 7
2 33 4
t 1047 100
m 9 18
0 26 2
1 22 8
2 34 4
t 1046 100
m 9 17
0 27 2
1 22 7
2 33 4
t 1045 100
m 9 17
0 26 2
1 22 8
2 32 4
t 1044 100
m 9 17
0 26 1
1 22 7
2 33 4
t 1043 100
m 9 17
0 25 1
1 22 8
2 33 5
t 1042 100
m 9 18
0 26 1
1 22 7
2 33 6
t 1041 100
m 9 18
0 26 2
1 22 6
2 33 5
t 1040 100
m 9 19
0 27 2
1 22 7
2 33 4
t 1039 100
m 10 19
0 28 2
1 22 6
2 34 4
t 1038 100
m 9 19
0 28 1
1 21 6
2 34 3
t 1037 100
m 10 19
0 28 0
1 20 6
2 34 2
t 1036 100
m 10 19
0 27 0
1 21 6
2 34 3
t 1035 100
m 9 19
0 26 0
1 22 6
2 34 4
t 1034 100
m 9 19
0 27 0
1 22 7
2 34 3
t 1033 100
m 9 19
0 28 0
1 22 6
2 34 4
t 1032 100
m 9 19
0 27 0
1 21 6
2 33 4
t 1031 100
m 10 19
0 28 0
1 22 6
2 33 5
t 1030 100
m 10 19
0 29 0
1 21 6
2 33 4
t 1029 100
m 10 19
0 28 0
1 22 6
2 33 5
t 1028 100
m 11 19
0 29 0
1 22 7
2 33 6
t 1027 100
m 12 19
0 28 0
1 22 6
2 33 5
t 1026 100
m 11 19
0 27 0
1 22 7
2 33 6
t 1025 100
m 12 19
0 28 0
1 22 6
2 33 5
t 1024 100
m 11 19
0 27 0
1 22 7
2 33 6
t 1023 100
m 12 19
0 26 0
1 22 6
2 33 7
t 1022 100
m 13 19
0 26 1
1 22 7
2 33 6
t 1021 100
m 13 18
0 25 1
1 22 6
2 33 7
t 1020 100
m 13 19
0 26 1
1 22 7
2 33 6
t 1019 100
m 14 19
0 26 0
1 22 8
2 33 7
t 1018 100
m 13 19
0 27 0
1 22 7
2 33 8
t 1017 100
m 14 19
0 26 0
1 22 8
2 33 7
t 1016 100
m 14 19
0 26 1
1 22 7
2 33 6
t 1015 100
m 14 19
0 25 1
1 22 8
2 33 7
t 1014 100
m 13 19
0 24 1
1 22 7
2 33 6
t 1013 100
m 13 18
0 23 1
1 22 8
2 33 7
t 1012 100
m 13 17
0 22 1
1 22 7
2 33 8
t 1011 100
m 13 16
0 22 0
1 22 8
2 33 7
t 1010 100
m 13 17
0 21 0
1 22 9
2 33 8
t 1009 100
m 13 17
0 20 0
1 22 8
2 33 9
t 1008 100
m 13 16
0 19 0
1 22 7
2 34 9
t 1007 100
m 13 16
0 20 0
1 22 6
2 34 10
t 1006 100
m 13 15
0 19 0
1 21 6
2 34 11
t 1005 100
m 13 14
0 19 1
1 20 6
2 34 10
t 1004 100
m 13 14
0 19 2
1 21 6
2 34 9
t 1003 100
m 13 13
0 19 3
1 22 6
2 34 10
t 1002 100
m 13 13
0 19 4
1 22 7
2 34 11
t 1001 100
m 13 12
0 19 5
1 22 6
2 34 12
t 1000 100
m 13 13
0 19 6
1 21 6
2 34 13
t 999 100
m 13 13
0 19 5
1 20 6
2 34 12
t 998 100
m 13 13
0 19 6
1 21 6
2 34 13
t 997 100
m 13 13
0 20 6
1 20 6
2 34 12
t 996 100
m 13 14
0 21 6
1 21 6
2 34 13
t 995 100
m 13 15
0 20 6
1 20 6
2 34 12
t 994 100
m 13 15
0 21 6
1 21 6
2 34 13
t 993 100
m 13 14
0 20 6
1 20 6
2 34 14
t 992 100
m 13 13
0 21 6
1 19 6
2 34 15
t 991 100
m 13 14
0 22 6
1 19 5
2 34 14
t 990 100
m 13 13
0 21 6
1 19 4
2 33 14
t 989 100
m 13 14
0 22 6
1 19 3
2 32 14
t 988 100
m 13 13
0 21 6
1 19 2
2 31 14
t 987 100
m 13 14
0 22 6
1 19 1
2 31 15
t 986 100
m 13 15
0 21 6
1 19 2
2 31 14
t 985 100
m 13 14
0 22 6
1 19 3
2 32 14
t 984 100
m 13 14
0 22 7
1 19 4
2 31 14
t 983 100
m 13 14
0 22 6
1 19 3
2 30 14
t 982 100
m 13 15
0 21 6
1 19 4
2 30 13
t 981 100
m 13 14
0 20 6
1 19 3
2 30 14
t 980 100
m 13 13
0 19 6
1 19 4
2 31 14
t 979 100
m 13 12
0 18 6
1 19 5
2 31 15
t 978 100
m 13 11
0 18 5
1 18 5
2 31 14
t 977 100
m 13 12
0 17 5
1 19 5
2 31 15
t 976 100
m 14 12
0 18 5
1 18 5
2 31 14
t 975 100
m 15 12
0 19 5
1 19 5
2 32 14
t 974 100
m 15 13
0 19 6
1 18 5
2 33 14
t 973 100
m 15 13
0 19 5
1 18 6
2 32 14
t 972 100
m 15 13
0 18 5
1 18 5
2 31 14
t 971 100
m 15 13
0 18 6
1 17 5
2 31 15
t 970 100
m 15 13
0 18 5
1 16 5
2 31 14
t 969 100
m 15 14
0 17 5
1 15 5
2 30 14
t 968 100
m 15 13
0 16 5
1 15 6
2 30 13
t 967 100
m 15 14
0 17 5
1 14 6
2 29 13
t 966 100
m 15 13
0 16 5
1 15 6
2 28 13
t 965 100
m 15 14
0 16 6
1 14 6
2 29 13
t 964 100
m 15 15
0 15 6
1 13 6
2 28 13
t 963 100
m 15 14
0 16 6
1 14 6
2 27 13
t 962 100
m 15 13
0 16 5
1 15 6
2 27 12
t 961 100
m 15 13
0 16 6
1 16 6
2 27 11
t 960 100
m 15 14
0 15 6
1 16 7
2 27 10
t 959 100
m 15 13
0 14 6
1 16 6
2 27 11
t 958 100
m 15 12
0 15 6
1 16 7
2 27 10
t 957 100
m 15 13
0 14 6
1 16 6
2 26 10
t 956 100
m 15 12
0 15 6
1 15 6
2 27 10
t 955 100
m 15 13
0 14 6
1 15 5
2 27 11
t 954 100
m 15 12
0 13 6
1 16 5
2 27 10
t 953 100
m 15 13
0 14 6
1 16 6
2 27 11
t 952 100
m 15 12
0 13 6
1 15 6
2 27 12
t 951 100
m 14 12
0 12 6
1 15 5
2 27 11
t 950 100
m 15 12
0 13 6
1 15 4
2 27 12
t 949 100
m 16 12
0 12 6
1 15 5
2 27 13
t 948 100
m 16 11
0 12 7
1 15 4
2 27 12
t 947 100
m 16 12
0 12 6
1 15 3
2 27 13
t 946 100
m 17 12
0 12 7
1 15 4
2 28 13
t 945 100
m 18 12
0 12 8
1 15 3
2 27 13
t 944 100
m 19 12
0 12 9
1 15 4
2 27 12
t 943 100
m 20 12
0 12 8
1 15 3
2 27 13
t 942 100
m 21 12
0 12 9
1 15 4
2 27 12
t 941 100
m 21 12
0 12 8
1 15 3
2 27 13
t 940 100
m 21 13
0 12 7
1 15 4
2 27 12
t 939 106
m 21 13
0 12 6
1 15 3
2 27 11
t 938 106
m 21 14
0 12 7
1 15 2
2 27 10
t 937 106
m 21 14
0 12 6
1 15 3
2 26 10
t 936 106
m 21 15
0 13 6
1 15 4
2 27 10
t 935 106
m 21 16
0 14 6
1 15 5
2 27 11
t 934 106
m 21 16
0 15 6
1 15 6
2 27 10
t 933 106
m 21 17
0 16 6
1 16 6
2 27 11
t 932 106
m 21 16
0 16 5
1 15 6
2 27 10
t 931 106
m 21 15
0 16 6
1 15 5
2 26 10
t 930 106
m 21 16
0 16 5
1 16 5
2 25 10
t 929 106
m 21 16
0 17 5
1 17 5
2 26 10
t 928 106
m 21 15
0 18 5
1 18 5
2 25 10
t 927 106
m 21 15
0 19 5
1 17 5
2 26 10
t 926 106
m 21 16
0 18 5
1 16 5
2 25 10
t 925 106
m 21 16
0 18 6
1 17 5
2 26 10
t 924 106
m 21 15
0 18 7
1 18 5
2 25 10
t 923 106
m 21 16
0 18 8
1 17 5
2 24 10
t 922 106
m 21 15
0 18 7
1 16 5
2 25 10
t 921 106
m 21 14
0 18 6
1 15 5
2 26 10
t 920 106
m 21 15
0 18 7
1 15 4
2 25 10
t 919 106
m 21 16
0 18 8
1 15 5
2 24 10
t 918 106
m 21 15
0 18 7
1 15 6
2 25 10
t 917 106
m 21 16
0 18 8
1 16 6
2 24 10
t 916 106
m 21 15
0 18 7
1 16 5
2 25 10
t 915 106
m 21 14
0 18 6
1 17 5
2 24 10
t 914 106
m 21 15
0 18 7
1 16 5
2 25 10
t 913 106
m 21 16
0 18 6
1 17 5
2 26 10
t 912 106
m 21 15
0 19 6
1 16 5
2 27 10
t 911 106
m 21 15
0 19 5
1 16 6
2 26 10
t 910 106
m 21 15
0 19 6
1 16 5
2 27 10
t 909 106
m 21 16
0 18 6
1 17 5
2 26 10
t 908 106
m 21 16
0 19 6
1 18 5
2 25 10
t 907 106
m 21 16
0 19 5
1 18 6
2 26 10
t 906 106
m 21 15
0 19 4
1 19 6
2 25 10
t 905 106
m 21 15
0 19 3
1 20 6
2 24 10
t 904 106
m 21 15
0 19 4
1 19 6
2 23 10
t 903 106
m 21 14
0 19 5
1 18 6
2 24 10
t 902 106
m 21 14
0 19 4
1 19 6
2 25 10
t 901 106
m 21 15
0 19 3
1 19 5
2 24 10
t 900 106
m 21 16
0 19 2
1 19 4
2 25 10
t 899 106
m 21 15
0 19 1
1 19 5
2 26 10
t 898 106
m 21 14
0 19 2
1 19 4
2 27 10
t 897 106
m 21 15
0 19 1
1 19 3
2 27 11
t 896 106
m 21 16
0 19 2
1 19 2
2 27 12
t 895 106
m 21 16
0 19 3
1 19 3
2 27 11
t 894 106
m 21 15
0 19 4
1 19 4
2 27 12
t 893 106
m 21 16
0 19 3
1 19 5
2 27 11
t 892 106
m 21 17
0 19 4
1 18 5
2 27 10
t 891 106
m 21 16
0 19 5
1 18 6
2 26 10
t 890 106
m 21 17
0 18 5
1 19 6
2 27 10
t 889 106
m 21 16
0 18 6
1 18 6
2 27 11
t 888 106
m 21 16
0 18 7
1 18 7
2 27 10
t 887 106
m 21 16
0 18 6
1 18 6
2 26 10
t 886 106
m 21 17
0 18 5
1 19 6
2 27 10
t 885 106
m 21 18
0 17 5
1 19 5
2 26 10
t 884 106
m 21 19
0 18 5
1 18 5
2 25 10
t 883 106
m 22 19
0 19 5
1 19 5
2 26 10
t 882 106
m 23 19
0 19 4
1 18 5
2 27 10
t 881 106
m 23 19
0 19 5
1 18 6
2 27 11
t 880 106
m 24 19
0 19 6
1 18 5
2 27 10
t 879 113
m 25 19
0 20 6
1 19 5
2 27 11
t 878 113
m 25 19
0 19 6
1 18 5
2 27 12
t 877 113
m 26 19
0 18 6
1 19 5
2 27 13
t 876 113
m 26 19
0 19 6
1 19 4
2 27 12
t 875 113
m 27 19
0 18 6
1 19 5
2 27 11
t 874 120
m 28 19
0 18 5
1 19 4
2 27 10
t 873 120
m 29 19
0 19 5
1 19 3
2 26 10
t 872 120
m 30 19
0 19 4
1 19 4
2 25 10
t 871 126
m 30 18
0 19 3
1 19 5
2 26 10
t 870 126
m 30 18
0 19 4
1 19 4
2 27 10
t 869 126
m 30 17
0 19 5
1 19 5
2 26 10
t 868 126
m 30 18
0 19 6
1 19 4
2 27 10
t 867 126
m 30 19
0 20 6
1 19 5
2 27 11
t 866 126
m 30 18
0 19 6
1 18 5
2 27 10
t 865 126
m 30 18
0 20 6
1 17 5
2 27 11
t 864 126
m 30 17
0 21 6
1 18 5
2 27 12
t 863 126
m 30 16
0 22 6
1 18 6
2 27 11
t 862 126
m 30 16
0 22 7
1 18 5
2 27 10
t 861 126
m 30 16
0 22 6
1 19 5
2 26 10
t 860 126
m 30 17
0 22 7
1 18 5
2 25 10
t 859 126
m 30 16
0 22 6
1 17 5
2 26 10
t 858 126
m 30 16
0 21 6
1 18 5
2 25 10
t 857 126
m 30 16
0 20 6
1 19 5
2 24 10
t 856 126
m 31 16
0 19 6
1 19 6
2 23 10
t 855 126
m 32 16
0 18 6
1 20 6
2 22 10
t 854 126
m 32 16
0 18 5
1 21 6
2 23 10
t 853 126
m 33 16
0 19 5
1 20 6
2 22 10
t 852 126
m 34 16
0 18 5
1 21 6
2 21 10
t 851 133
m 34 15
0 17 5
1 20 6
2 20 10
t 850 133
m 34 15
0 16 5
1 19 6
2 19 10
t 849 133
m 34 14
0 15 5
1 20 6
2 20 10
t 848 133
m 34 13
0 15 6
1 21 6
2 19 10
t 847 133
m 34 13
0 16 6
1 22 6
2 20 10
t 846 133
m 34 12
0 16 5
1 22 7
2 19 10
t 845 133
m 34 11
0 16 6
1 22 6
2 20 10
t 844 133
m 34 11
0 15 6
1 22 7
2 19 10
t 843 133
m 34 11
0 16 6
1 22 6
2 20 10
t 842 133
m 34 11
0 16 7
1 22 7
2 21 10
t 841 133
m 34 11
0 16 8
1 22 6
2 20 10
t 840 133
m 34 11
0 16 7
1 21 6
2 19 10
t 839 133
m 34 12
0 16 8
1 20 6
2 18 10
t 838 133
m 34 13
0 16 7
1 21 6
2 19 10
t 837 133
m 34 12
0 16 6
1 22 6
2 18 10
t 836 133
m 34 13
0 16 7
1 22 7
2 18 9
t 835 133
m 34 12
0 16 6
1 22 8
2 18 8
t 834 133
m 34 13
0 16 7
1 22 9
2 18 7
t 833 133
m 34 13
0 16 6
1 22 8
2 18 8
t 832 133
m 34 12
0 16 5
1 22 7
2 18 7
t 831 133
m 34 13
0 17 5
1 22 6
2 18 8
t 830 133
m 34 13
0 16 5
1 22 7
2 18 7
t 829 133
m 34 12
0 15 5
1 22 6
2 18 6
t 828 133
m 34 12
0 15 4
1 21 6
2 18 7
t 827 133
m 34 12
0 15 3
1 20 6
2 18 8
t 826 133
m 34 12
0 15 2
1 19 6
2 18 9
t 825 133
m 34 12
0 15 1
1 18 6
2 18 10
t 824 133
m 34 13
0 15 0
1 18 7
2 19 10
t 823 133
m 34 12
0 16 0
1 18 6
2 20 10
t 822 133
m 34 12
0 17 0
1 18 5
2 21 10
t 821 133
m 34 12
0 18 0
1 18 6
2 22 10
t 820 133
m 34 11
0 17 0
1 18 5
2 22 9
t 819 133
m 34 10
0 16 0
1 17 5
2 22 10
t 818 133
m 34 11
0 15 0
1 16 5
2 21 10
t 817 133
m 34 10
0 15 1
1 16 6
2 20 10
t 816 133
m 34 9
0 15 0
1 15 6
2 19 10
t 815 133
m 33 9
0 15 1
1 16 6
2 18 10
t 814 133
m 33 9
0 15 0
1 16 5
2 19 10
t 813 133
m 32 9
0 16 0
1 16 6
2 20 10
t 812 133
m 32 10
0 17 0
1 16 7
2 19 10
t 811 133
m 32 11
0 16 0
1 16 6
2 20 10
t 810 133
m 32 10
0 17 0
1 16 5
2 19 10
t 809 133
m 32 11
0 18 0
1 15 5
2 18 10
t 808 133
m 32 10
0 19 0
1 15 6
2 18 11
t 807 133
m 32 11
0 19 1
1 15 5
2 18 10
t 806 133
m 32 10
0 19 0
1 15 4
2 19 10
t 805 133
m 32 10
0 18 0
1 15 3
2 20 10
t 804 133
m 32 10
0 19 0
1 15 4
2 19 10
t 803 133
m 32 9
0 20 0
1 15 3
2 20 10
t 802 133
m 32 10
0 21 0
1 15 2
2 19 10
t 801 133
m 32 10
0 20 0
1 15 1
2 18 10
t 800 133
m 32 10
0 21 0
1 15 2
2 18 11
t 799 133
m 32 9
0 22 0
1 15 3
2 18 10
t 798 133
m 32 9
0 21 0
1 15 4
2 18 11
t 797 133
m 32 10
0 22 0
1 15 3
2 18 12
t 796 133
m 32 9
0 22 1
1 15 2
2 19 12
t 795 133
m 32 9
0 22 0
1 15 1
2 18 12
t 794 133
m 33 9
0 21 0
1 15 0
2 19 12
t 793 133
m 33 8
0 20 0
1 16 0
2 20 12
t 792 133
m 33 8
0 19 0
1 17 0
2 19 12
t 791 133
m 33 9
0 19 1
1 16 0
2 20 12
t 790 133
m 32 9
0 19 2
1 17 0
2 19 12
t 789 133
m 32 10
0 19 3
1 18 0
2 20 12
t 788 133
m 32 10
0 19 2
1 17 0
2 21 12
t 787 133
m 32 11
0 19 3
1 16 0
2 20 12
t 786 133
m 32 11
0 19 2
1 15 0
2 21 12
t 785 133
m 32 10
0 19 3
1 16 0
2 21 13
t 784 133
m 32 11
0 19 4
1 17 0
2 21 12
t 783 133
m 32 10
0 19 5
1 16 0
2 21 11
t 782 133
m 32 9
0 18 5
1 17 0
2 21 12
t 781 133
m 32 9
0 17 5
1 16 0
2 21 13
t 780 133
m 32 10
0 18 5
1 17 0
2 21 14
t 779 133
m 32 9
0 18 6
1 18 0
2 21 15
t 778 133
m 32 9
0 19 6
1 19 0
2 21 14
t 777 133
m 32 9
0 20 6
1 19 1
2 21 13
t 776 133
m 33 9
0 19 6
1 19 2
2 21 12
t 775 133
m 33 8
0 19 5
1 19 1
2 21 13
t 774 133
m 33 9
0 18 5
1 19 2
2 21 14
t 773 133
m 33 8
0 17 5
1 19 1
2 21 15
t 772 133
m 33 7
0 16 5
1 19 0
2 21 16
t 771 133
m 33 8
0 16 6
1 20 0
2 21 15
t 770 133
m 33 8
0 16 7
1 21 0
2 21 14
t 769 133
m 33 8
0 16 6
1 22 0
2 21 15
t 768 133
m 33 7
0 16 7
1 21 0
2 21 16
t 767 133
m 33 7
0 16 6
1 22 0
2 21 17
t 766 133
m 33 6
0 15 6
1 22 1
2 21 16
t 765 133
m 33 5
0 14 6
1 22 0
2 21 17
t 764 133
m 33 4
0 13 6
1 22 1
2 21 18
t 763 194
