35
20
m 0 19
m0 0 19
m1 0 19
m2 0 19
0 34 0
1 34 0
2 34 0
w 0 5
w 0 6
w 0 7
w 0 8
w 1 1
w 1 2
w 1 3
w 1 10
w 1 11
w 1 12
w 1 13
w 1 15
w 1 17
w 1 18
w 2 1
w 2 5
w 2 6
w 2 7
w 2 8
w 2 13
w 2 15
w 2 17
w 2 18
w 3 1
w 3 3
w 3 4
w 3 5
w 3 6
w 3 7
w 3 8
w 3 9
w 3 10
w 3 11
w 3 13
w 3 17
w 3 18
w 4 3
w 4 4
w 4 5
w 4 6
w 4 7
w 4 8
w 4 9
w 4 10
w 4 11
w 4 15
w 5 1
w 5 2
w 5 3
w 5 4
w 5 5
w 5 6
w 5 7
w 5 8
w 5 9
w 5 10
w 5 11
w 5 12
w 5 14
w 5 15
w 5 16
w 5 18
w 6 3
w 6 4
w 6 5
w 6 6
w 6 7
w 6 8
w 6 9
w 6 10
w 6 11
w 6 12
w 6 14
w 6 15
w 6 16
w 6 18
w 7 1
w 7 3
w 7 4
w 7 5
w 7 6
w 7 7
w 7 8
w 7 9
w 7 14
w 7 15
w 7 16
w 8 3
w 8 4
w 8 5
w 8 6
w 8 7
w 8 8
w 8 9
w 8 11
w 8 12
w 8 13
w 8 14
w 8 15
w 8 16
w 8 18
w 9 0
w 9 2
w 9 3
w 9 4
w 9 5
w 9 6
w 9 7
w 9 8
w 9 9
w 9 11
w 9 12
w 9 13
w 9 14
w 9 15
w 9 16
w 10 0
w 10 2
w 10 3
w 10 4
w 10 5
w 10 6
w 10 7
w 10 8
w 10 9
w 10 11
w 10 12
w 10 13
w 10 14
w 10 15
w 10 16
w 10 17
w 10 18
w 11 0
w 11 2
w 11 3
w 11 4
w 11 5
w 11 6
w 11 7
w 11 8
w 11 9
w 11 11
w 11 12
w 11 13
w 11 14
w 11 15
w 11 16
w 11 17
w 11 18
w 12 2
w 12 3
w 12 4
w 12 5
w 12 11
w 12 12
w 12 13
w 12 14
w 12 15
w 12 16
w 12 17
w 12 18
w 13 1
w 13 2
w 13 3
w 13 4
w 13 5
w 13 7
w 13 8
w 13 9
w 14 1
w 14 2
w 14 3
w 14 4
w 14 5
w 14 7
w 14 8
w 14 9
w 14 11
w 14 13
w 14 14
w 14 15
w 14 16
w 14 17
w 14 18
w 15 7
w 15 8
w 15 9
w 15 11
w 16 1
w 16 2
w 16 3
w 16 4
w 16 13
w 16 14
w 16 15
w 16 17
w 16 18
w 16 19
w 17 1
w 17 2
w 17 3
w 17 4
w 17 6
w 17 7
w 17 8
w 17 9
w 17 10
w 17 11
w 17 13
w 17 14
w 17 15
w 17 17
w 17 18
w 17 19
w 18 1
w 18 2
w 18 3
w 18 4
w 18 13
w 18 14
w 18 15
w 18 17
w 18 18
w 18 19
w 19 7
w 19 8
w 19 9
w 19 11
w 20 1
w 20 2
w 20 3
w 20 4
w 20 5
w 20 7
w 20 8
w 20 9
w 20 11
w 20 13
w 20 14
w 20 15
w 20 16
w 20 17
w 20 18
w 21 1
w 21 2
w 21 3
w 21 4
w 21 5
w 21 7
w 21 8
w 21 9
w 22 2
w 22 3
w 22 4
w 22 5
w 22 11
w 22 12
w 22 13
w 22 14
w 22 15
w 22 16
w 22 17
w 22 18
w 23 0
w 23 2
w 23 3
w 23 4
w 23 5
w 23 6
w 23 7
w 23 8
w 23 9
w 23 11
w 23 12
w 23 13
w 23 14
w 23 15
w 23 16
w 23 17
w 23 18
w 24 0
w 24 2
w 24 3
w 24 4
w 24 5
w 24 6
w 24 7
w 24 8
w 24 9
w 24 11
w 24 12
w 24 13
w 24 14
w 24 15
w 24 16
w 24 17
w 24 18
w 25 0
w 25 2
w 25 3
w 25 4
w 25 5
w 25 6
w 25 7
w 25 8
w 25 9
w 25 11
w 25 12
w 25 13
w 25 14
w 25 15
w 25 16
w 26 3
w 26 4
w 26 5
w 26 6
w 26 7
w 26 8
w 26 9
w 26 11
w 26 12
w 26 13
w 26 14
w 26 15
w 26 16
w 26 18
w 27 1
w 27 3
w 27 4
w 27 5
w 27 6
w 27 7
w 27 8
w 27 9
w 27 14
w 27 15
w 27 16
w 28 3
w 28 4
w 28 5
w 28 6
w 28 7
w 28 8
w 28 9
w 28 10
w 28 11
w 28 12
w 28 14
w 28 15
w 28 16
w 28 18
w 29 1
w 29 2
w 29 3
w 29 4
w 29 5
w 29 6
w 29 7
w 29 8
w 29 9
w 29 10
w 29 11
w 29 12
w 29 14
w 29 15
w 29 16
w 29 18
w 30 3
w 30 4
w 30 5
w 30 6
w 30 7
w 30 8
w 30 9
w 30 10
w 30 11
w 30 15
w 31 1
w 31 3
w 31 4
w 31 5
w 31 6
w 31 7
w 31 8
w 31 9
w 31 10
w 31 11
w 31 13
w 31 17
w 31 18
w 32 1
w 32 5
w 32 6
w 32 7
w 32 8
w 32 13
w 32 15
w 32 17
w 32 18
w 33 1
w 33 2
w 33 3
w 33 10
w 33 11
w 33 12
w 33 13
w 33 15
w 33 17
w 33 18
w 34 5
w 34 6
w 34 7
w 34 8
p 0 0
p 21 13
p 17 0
p 34 16
p 1 8
p 19 6
p 24 19
p 30 19
p 6 13
p 15 6
p 27 19
p 9 17
p 3 15
p 13 11
p 33 4
t 1400 0
m 1 19
m0 1 19
m1 0 19
m2 1 19
0 33 0
1 33 0
2 33 0
t 1399 0
m 1 19
m0 0 19
m1 1 19
m2 0 19
0 34 0
1 34 0
2 32 0
t 1398 0
m 0 19
m0 0 18
m1 2 19
m2 0 18
0 34 1
1 34 1
2 31 0
t 1397 0
m 0 19
m0 0 17
m1 3 19
m2 0 19
0 34 0
1 34 0
2 30 0
t 1396 0
m 0 19
m0 0 16
m1 3 19
m2 1 19
0 33 0
1 33 0
2 31 0
t 1395 0
m 1 19
m0 0 16
m1 3 19
m2 2 19
0 32 0
1 32 0
2 30 0
t 1394 0
m 1 19
m0 1 16
m1 4 19
m2 2 19
0 31 0
1 33 0
2 31 0
t 1393 0
m 1 19
m0 1 16
m1 5 19
m2 3 19
0 30 0
1 34 0
2 30 0
t 1392 0
m 2 19
m0 0 16
m1 6 19
m2 2 19
0 31 0
1 33 0
2 30 1
t 1391 0
m 1 19
m0 0 15
m1 7 19
m2 3 19
0 32 0
1 34 0
2 30 2
t 1390 0
m 1 19
m0 0 15
m1 8 19
m2 3 19
0 31 0
1 33 0
2 30 1
t 1389 0
m 2 19
m0 0 14
m1 8 19
m2 4 19
0 32 0
1 34 0
2 30 2
t 1388 0
m 3 19
m0 0 14
m1 7 19
m2 4 18
0 33 0
1 34 1
2 30 1
f 4 1
t 1387 0
m 2 19
m0 0 15
m1 6 19
m2 4 18
0 32 0
1 34 2
2 30 0
t 1386 0
m 3 19
m0 0 14
m1 7 19
m2 4 17
0 31 0
1 34 1
2 31 0
t 1385 0
m 3 19
m0 0 15
m1 7 19
m2 4 16
0 30 0
1 34 0
2 32 0
t 1384 0
m 3 19
m0 0 15
m1 6 19
m2 4 17
0 30 1
1 34 1
2 31 0
t 1383 0
m 3 19
m0 0 16
m1 6 19
m2 5 17
0 30 0
1 34 2
2 30 0
t 1382 0
m 3 19
m0 0 15
m1 6 19
m2 4 17
0 31 0
1 34 1
2 29 0
t 1381 0
m 2 19
m0 0 14
m1 6 19
m2 4 17
0 30 0
1 34 0
2 30 0
t 1380 0
m 3 19
m0 0 15
m1 6 19
m2 4 16
0 31 0
1 34 1
2 29 0
t 1379 0
m 3 19
m0 0 16
m1 5 19
m2 3 16
0 30 0
1 34 2
2 30 0
t 1378 0
m 4 19
m0 1 16
m1 5 19
m2 4 16
0 29 0
1 34 1
2 30 1
t 1377 0
m 4 18
m0 1 16
m1 6 19
m2 4 16
0 28 0
1 34 0
2 30 0
t 1376 0
m 4 18
m0 1 16
m1 5 19
m2 4 17
0 27 0
1 34 1
2 31 0
t 1375 0
m 4 19
m0 0 16
m1 4 19
m2 4 17
0 26 0
1 34 2
2 32 0
t 1374 0
m 5 19
m0 0 15
m1 4 19
m2 5 17
0 27 0
1 34 1
2 33 0
t 1373 0
m 6 19
m0 0 14
m1 4 19
m2 4 17
0 26 0
1 34 2
2 34 0
t 1372 0
m 7 19
m0 1 14
m1 4 19
m2 4 16
0 27 0
1 34 3
2 33 0
t 1371 0
m 6 19
m0 1 14
m1 5 19
m2 3 16
0 26 0
1 34 2
2 34 0
t 1370 0
m 5 19
m0 0 14
m1 5 19
m2 3 16
0 27 0
1 34 3
2 34 1
t 1369 0
m 6 19
m0 1 14
m1 5 19
m2 3 15
0 26 0
1 34 2
2 34 2
t 1368 6
m 7 19
m0 2 14
m1 6 19
m2 3 16
0 26 1
1 34 1
2 34 3
t 1367 6
m 7 19
m0 1 14
m1 6 19
m2 3 15
0 25 1
1 34 0
2 34 2
t 1366 6
m 6 19
m0 0 14
m1 7 19
m2 3 15
0 26 1
1 33 0
2 34 1
t 1365 6
m 6 19
m0 0 13
m1 6 19
m2 3 14
0 25 1
1 32 0
2 34 0
t 1364 6
m 7 19
m0 0 14
m1 7 19
m2 3 14
0 26 1
1 33 0
2 33 0
t 1363 6
m 6 19
m0 1 14
m1 8 19
m2 4 14
0 25 1
1 32 0
2 34 0
t 1362 6
m 6 19
m0 0 14
m1 7 19
m2 3 14
0 24 1
1 33 0
2 33 0
t 1361 6
m 5 19
m0 0 14
m1 7 19
m2 3 15
0 23 1
1 34 0
2 34 0
t 1360 6
m 6 19
m0 0 13
m1 6 19
m2 3 15
0 24 1
1 33 0
2 33 0
t 1359 6
m 5 19
m0 0 13
m1 6 19
m2 3 15
0 23 1
1 34 0
2 32 0
t 1358 6
m 4 19
m0 0 13
m1 6 19
m2 3 16
0 22 1
1 34 1
2 31 0
t 1357 6
m 4 18
m0 0 13
m1 6 19
m2 4 16
0 23 1
1 34 0
2 30 0
t 1356 6
m 4 17
m0 0 14
m1 7 19
m2 4 16
0 24 1
1 34 1
2 30 1
t 1355 6
m 4 16
m0 0 15
m1 7 19
m2 4 17
0 23 1
1 34 2
2 30 0
t 1354 6
m 4 16
m0 0 15
m1 6 19
m2 4 17
0 22 1
1 34 1
2 31 0
t 1353 6
m 3 16
m0 0 16
m1 5 19
m2 4 18
0 22 0
1 34 2
2 30 0
t 1352 6
m 3 15
m0 1 16
m1 5 19
m2 4 18
0 22 1
1 34 3
2 31 0
t 1351 6
m 3 16
m0 2 16
m1 6 19
m2 4 19
0 23 1
1 34 2
2 32 0
t 1350 6
m 3 16
m0 3 16
m1 7 19
m2 4 19
0 22 1
1 34 1
2 33 0
t 1349 6
m 2 16
m0 3 16
m1 7 18
m2 4 18
0 22 0
1 34 0
2 32 0
t 1348 6
m 3 16
m0 2 16
m1 7 18
m2 4 17
0 21 0
1 34 1
2 31 0
t 1347 6
m 2 16
m0 2 16
m1 7 18
m2 4 16
0 22 0
1 34 2
2 30 0
t 1346 6
m 3 16
m0 1 16
m1 7 19
m2 3 16
0 21 0
1 34 3
2 31 0
t 1345 6
m 4 16
m0 1 16
m1 7 18
m2 2 16
0 22 0
1 34 2
2 32 0
t 1344 6
m 4 16
m0 2 16
m1 7 17
m2 3 16
0 21 0
1 34 3
2 31 0
t 1343 6
m 4 17
m0 3 16
m1 8 17
m2 2 16
0 20 0
1 34 4
2 30 0
t 1342 6
m 4 17
m0 3 16
m1 7 17
m2 2 16
0 21 0
1 33 4
2 29 0
t 1341 6
m 4 18
m0 3 15
m1 7 18
m2 3 16
0 20 0
1 33 5
2 30 0
t 1340 6
m 4 17
m0 3 15
m1 7 18
m2 3 16
0 21 0
1 33 6
2 31 0
t 1339 6
m 4 18
m0 3 14
m1 7 19
m2 3 16
0 20 0
1 33 7
2 32 0
t 1338 6
m 4 18
m0 3 15
m1 7 18
m2 4 16
0 21 0
1 33 6
2 33 0
t 1337 6
m 4 18
m0 3 16
m1 7 17
m2 3 16
0 22 0
1 33 5
2 32 0
t 1336 6
m 4 17
m0 4 16
m1 7 17
m2 4 16
0 21 0
1 33 4
2 31 0
t 1335 6
m 5 17
m0 4 17
m1 8 17
m2 4 17
0 20 0
1 32 4
2 30 0
t 1334 6
m 6 17
m0 4 16
m1 8 17
m2 4 17
0 19 0
1 32 3
2 29 0
t 1333 6
m 7 17
m0 4 16
m1 9 17
m2 5 17
0 18 0
1 32 4
2 28 0
t 1332 13
m 6 17
m0 3 16
m1 8 17
m2 6 17
0 17 0
1 33 4
2 28 1
t 1331 13
m 6 17
m0 2 16
m1 8 17
m2 5 17
0 16 0
1 32 4
2 28 2
t 1330 13
m 6 17
m0 3 16
m1 7 17
m2 5 17
0 17 0
1 32 3
2 27 2
t 1329 13
m 7 17
m0 2 16
m1 7 17
m2 4 17
0 18 0
1 32 4
2 26 2
t 1328 13
m 6 17
m0 1 16
m1 8 17
m2 4 18
0 19 0
1 33 4
2 27 2
t 1327 13
m 6 17
m0 1 16
m1 9 17
m2 4 19
0 18 0
1 33 5
2 26 2
t 1326 13
m 5 17
m0 1 16
m1 9 17
m2 4 18
0 17 0
1 33 6
2 27 2
t 1325 13
m 4 17
m0 2 16
m1 9 18
m2 4 18
0 16 0
1 33 7
2 28 2
t 1324 13
m 4 18
m0 1 16
m1 9 18
m2 4 18
0 15 0
1 33 8
2 27 2
t 1323 13
m 4 17
m0 2 16
m1 9 17
m2 4 19
0 16 0
1 33 9
2 26 2
t 1322 13
m 4 16
m0 2 16
m1 8 17
m2 3 19
0 17 0
1 33 8
2 27 2
t 1321 13
m 3 16
m0 1 16
m1 7 17
m2 3 19
0 18 0
1 33 9
2 28 2
t 1320 13
m 3 15
m0 1 16
m1 8 17
m2 2 19
0 19 0
1 33 8
2 27 2
t 1319 13
m 3 14
m0 0 16
m1 8 17
m2 1 19
0 18 0
1 33 9
2 26 2
t 1318 13
m 2 14
m0 0 15
m1 9 17
m2 0 19
0 19 0
1 34 9
2 26 1
t 1317 13
m 3 14
m0 0 14
m1 9 18
m2 0 19
0 19 1
1 33 9
2 25 1
t 1316 13
m 3 15
m0 0 14
m1 9 19
m2 0 18
0 19 0
1 33 8
2 26 1
t 1315 13
m 3 14
m0 0 13
m1 9 19
m2 0 17
0 20 0
1 33 7
2 25 1
t 1314 13
m 3 15
m0 0 12
m1 8 19
m2 0 16
0 19 0
1 33 6
2 26 1
t 1313 13
m 3 14
m0 0 12
m1 8 19
m2 0 17
0 18 0
1 33 5
2 26 2
t 1312 13
m 3 15
m0 0 13
m1 8 19
m2 0 16
0 17 0
1 33 4
2 27 2
t 1311 13
m 3 16
m0 0 13
m1 9 19
m2 0 15
0 16 0
1 32 4
2 28 2
t 1310 13
m 2 16
m0 0 14
m1 8 19
m2 0 16
0 15 0
1 33 4
2 27 2
t 1309 13
m 2 16
m0 0 14
m1 9 19
m2 0 15
0 14 0
1 32 4
2 26 2
t 1308 13
m 3 16
m0 0 14
m1 9 19
m2 0 14
0 13 0
1 32 3
2 26 1
t 1307 13
m 3 15
m0 1 14
m1 10 19
m2 1 14
0 12 0
1 32 2
2 26 2
t 1306 13
m 3 15
m0 2 14
m1 11 19
m2 1 14
0 12 1
1 31 2
2 26 1
t 1305 13
m 3 14
m0 3 14
m1 11 19
m2 0 14
0 11 1
1 32 2
2 25 1
t 1304 13
m 4 14
m0 3 14
m1 12 19
m2 0 14
0 10 1
1 32 3
2 24 1
t 1303 13
m 4 13
m0 2 14
m1 11 19
m2 0 14
0 9 1
1 32 4
2 25 1
t 1302 13
m 5 13
m0 2 14
m1 10 19
m2 0 15
0 8 1
1 32 3
2 26 1
t 1301 13
m 6 13
m0 1 14
m1 11 19
m2 0 14
0 8 2
1 32 2
2 26 0
t 1300 20
m 7 13
m0 0 14
m1 10 19
m2 0 15
0 8 1
1 31 2
2 26 1
t 1299 20
m 7 12
m0 0 15
m1 10 19
m2 0 15
0 9 1
1 30 2
2 26 2
t 1298 20
m 7 13
m0 0 15
m1 11 19
m2 0 15
0 8 1
1 31 2
2 27 2
t 1297 20
m 7 12
m0 0 16
m1 10 19
m2 0 14
0 8 2
1 30 2
2 28 2
t 1296 20
m 7 11
m0 0 17
m1 11 19
m2 0 14
0 8 1
1 30 1
2 28 1
t 1295 20
m 7 10
m0 0 16
m1 11 19
m2 0 13
0 8 0
1 30 2
2 28 0
t 1294 20
m 8 10
m0 0 17
m1 11 19
m2 0 13
0 7 0
1 30 1
2 29 0
t 1293 20
m 8 10
m0 0 18
m1 12 19
m2 0 14
0 8 0
1 30 2
2 28 0
t 1292 20
m 9 10
m0 0 17
m1 12 19
m2 1 14
0 8 1
1 31 2
2 29 0
t 1291 20
m 9 10
m0 0 18
m1 13 19
m2 1 14
0 9 1
1 30 2
2 28 0
t 1290 20
m 9 10
m0 0 18
m1 14 19
m2 2 14
0 8 1
1 30 1
2 29 0
t 1289 20
m 9 10
m0 0 17
m1 14 19
m2 1 14
0 8 2
1 30 2
2 28 0
t 1288 20
m 9 10
m0 0 18
m1 14 19
m2 1 14
0 8 1
1 31 2
2 28 1
t 1287 20
m 9 10
m0 0 17
m1 14 19
m2 0 14
0 8 2
1 32 2
2 28 0
t 1286 20
m 9 10
m0 0 16
m1 14 19
m2 0 15
0 8 1
1 32 3
2 28 1
t 1285 20
m 8 10
m0 0 15
m1 15 19
m2 0 14
0 8 0
1 32 2
2 28 2
t 1284 20
m 7 10
m0 0 15
m1 15 19
m2 0 15
0 7 0
1 32 3
2 27 2
t 1283 20
m 7 10
m0 0 15
m1 15 19
m2 0 15
0 8 0
1 32 4
2 28 2
t 1282 20
m 7 11
m0 0 14
m1 15 18
m2 0 16
0 7 0
1 33 4
2 27 2
t 1281 20
m 7 11
m0 0 15
m1 15 17
m2 0 17
0 6 0
1 32 4
2 28 2
t 1280 20
m 7 12
m0 0 15
m1 15 17
m2 0 16
0 7 0
1 33 4
2 28 1
t 1279 20
m 7 11
m0 0 16
m1 15 18
m2 0 15
0 8 0
1 32 4
2 28 0
t 1278 20
m 7 10
m0 1 16
m1 15 18
m2 0 14
0 8 1
1 33 4
2 29 0
t 1277 20
m 7 11
m0 1 16
m1 15 17
m2 0 13
0 9 1
1 34 4
2 30 0
t 1276 20
m 7 11
m0 1 16
m1 15 17
m2 0 12
0 8 1
1 33 4
2 30 1
t 1275 20
m 7 12
m0 1 16
m1 15 16
m2 0 11
0 8 2
1 34 4
2 30 2
t 1274 20
m 7 11
m0 2 16
m1 15 15
m2 0 12
0 8 1
1 33 4
2 30 1
t 1273 20
m 7 11
m0 3 16
m1 15 16
m2 0 13
0 9 1
1 33 5
2 30 0
t 1272 20
m 7 10
m0 4 16
m1 15 17
m2 0 14
0 8 1
1 33 4
2 30 1
t 1271 20
m 7 10
m0 3 16
m1 15 16
m2 0 13
0 8 0
1 32 4
2 30 2
t 1270 20
m 8 10
m0 4 16
m1 15 16
m2 0 14
0 7 0
1 33 4
2 31 2
t 1269 20
m 9 10
m0 4 17
m1 15 16
m2 0 13
0 8 0
1 32 4
2 30 2
t 1268 20
m 10 10
m0 4 16
m1 15 17
m2 0 13
0 8 1
1 33 4
2 31 2
t 1267 20
m 10 10
m0 4 17
m1 15 17
m2 0 14
0 8 0
1 32 4
2 30 2
t 1266 20
m 9 10
m0 5 17
m1 15 16
m2 0 15
0 8 1
1 32 3
2 31 2
t 1265 20
m 8 10
m0 6 17
m1 16 16
m2 0 15
0 9 1
1 32 4
2 30 2
t 1264 20
m 8 10
m0 5 17
m1 17 16
m2 0 15
0 8 1
1 33 4
2 31 2
t 1263 20
m 9 10
m0 6 17
m1 18 16
m2 0 16
0 9 1
1 33 5
2 32 2
t 1262 20
m 9 10
m0 6 17
m1 17 16
m2 0 15
0 10 1
1 33 4
2 32 3
t 1261 20
m 10 10
m0 5 17
m1 16 16
m2 0 16
0 9 1
1 34 4
2 32 2
t 1260 20
m 9 10
m0 4 17
m1 15 16
m2 0 15
0 8 1
1 34 3
2 31 2
t 1259 20
m 10 10
m0 4 17
m1 16 16
m2 0 16
0 8 0
1 34 4
2 30 2
t 1258 20
m 11 10
m0 4 17
m1 15 16
m2 0 16
0 7 0
1 34 3
2 30 1
t 1257 20
m 10 10
m0 4 17
m1 15 16
m2 0 16
0 8 0
1 34 4
2 30 0
t 1256 20
m 11 10
m0 5 17
m1 15 16
m2 0 16
0 8 1
1 34 3
2 29 0
t 1255 20
m 11 10
m0 5 17
m1 16 16
m2 0 15
0 8 2
1 34 4
2 30 0
t 1254 20
m 12 10
m0 5 17
m1 15 16
m2 0 16
0 7 2
1 33 4
2 31 0
t 1253 20
m 13 10
m0 5 17
m1 15 16
m2 0 16
0 6 2
1 32 4
2 32 0
t 1252 20
m 14 10
m0 4 17
m1 16 16
m2 1 16
0 7 2
1 32 3
2 33 0
t 1251 20
m 13 10
m0 4 16
m1 16 16
m2 2 16
0 8 2
1 32 2
2 32 0
t 1250 20
m 13 11
m0 4 16
m1 17 16
m2 1 16
0 7 2
1 32 3
2 31 0
t 1249 26
m 13 11
m0 4 17
m1 18 16
m2 2 16
0 6 2
1 32 2
2 30 0
t 1248 26
m 13 10
m0 4 18
m1 19 16
m2 1 16
0 7 2
1 31 2
2 30 1
t 1247 26
m 12 10
m0 4 19
m1 18 16
m2 0 16
0 6 2
1 30 2
2 30 2
t 1246 26
m 12 9
m0 4 19
m1 17 16
m2 0 16
0 6 1
1 30 1
2 31 2
t 1245 26
m 12 9
m0 5 19
m1 18 16
m2 0 16
0 6 0
1 30 0
2 30 2
t 1244 26
m 12 8
m0 6 19
m1 17 16
m2 0 15
0 7 0
1 31 0
2 30 1
t 1243 26
m 12 7
m0 5 19
m1 17 16
m2 0 14
0 8 0
1 30 0
2 30 2
t 1242 26
m 12 8
m0 5 19
m1 16 16
m2 0 15
0 8 1
1 30 1
2 30 1
t 1241 26
m 12 8
m0 4 19
m1 17 16
m2 0 15
0 8 0
1 30 0
2 30 0
t 1240 26
m 12 7
m0 3 19
m1 18 16
m2 0 15
0 7 0
1 31 0
2 30 1
t 1239 26
m 12 7
m0 2 19
m1 18 16
m2 0 16
0 8 0
1 30 0
2 30 2
t 1238 26
m 12 7
m0 1 19
m1 17 16
m2 0 17
0 7 0
1 31 0
2 31 2
t 1237 26
m 12 6
m0 2 19
m1 17 16
m2 0 16
0 6 0
1 30 0
2 30 2
t 1236 26
m 12 7
m0 1 19
m1 17 16
m2 0 17
0 6 1
1 30 1
2 30 1
t 1235 26
m 12 6
m0 2 19
m1 16 16
m2 0 18
0 6 0
1 30 0
2 30 2
t 1234 26
m 12 6
m0 2 19
m1 16 16
m2 0 18
0 5 0
1 29 0
2 31 2
t 1233 26
m 13 6
m0 1 19
m1 15 16
m2 0 18
0 6 0
1 28 0
2 30 2
t 1232 26
m 13 6
m0 1 19
m1 15 16
m2 0 18
0 6 1
1 29 0
2 31 2
t 1231 26
m 13 6
m0 0 19
m1 15 15
m2 0 18
0 6 2
1 28 0
2 32 2
t 1230 26
m 13 6
m0 0 19
m1 15 14
m2 0 18
0 6 1
1 29 0
2 32 3
t 1229 26
m 14 6
m0 0 18
m1 15 14
m2 0 19
0 6 0
1 28 0
2 32 2
t 1228 26
m 15 6
m0 0 19
m1 15 13
m2 0 19
0 7 0
1 28 1
2 32 3
t 1227 33
m 15 5
m0 0 19
m1 15 12
m2 0 18
0 6 0
1 28 2
2 32 4
t 1226 33
m 15 6
m0 0 18
m1 15 12
m2 0 18
0 6 1
1 27 2
2 33 4
t 1225 33
m 15 5
m0 0 17
m1 15 13
m2 0 18
0 6 0
1 28 2
2 32 4
t 1224 33
m 16 5
m0 0 17
m1 15 14
m2 0 18
0 6 1
1 27 2
2 32 3
t 1223 33
m 16 5
m0 0 18
m1 15 13
m2 0 19
0 6 2
1 26 2
2 32 2
t 1222 33
m 15 5
m0 0 19
m1 15 12
m2 0 18
0 6 1
1 26 1
2 32 3
t 1221 33
m 16 5
m0 0 19
m1 15 12
m2 0 18
0 6 0
1 26 0
2 32 2
t 1220 33
m 17 5
m0 1 19
m1 14 12
m2 0 18
0 6 1
1 26 1
2 31 2
t 1219 33
m 18 5
m0 1 19
m1 15 12
m2 0 17
0 6 0
1 25 1
2 32 2
t 1218 33
m 17 5
m0 2 19
m1 15 12
m2 0 18
0 7 0
1 26 1
2 32 3
t 1217 33
m 18 5
m0 3 19
m1 14 12
m2 0 17
0 6 0
1 26 2
2 32 2
t 1216 33
m 18 5
m0 3 19
m1 15 12
m2 0 18
0 7 0
1 26 1
2 32 3
t 1215 33
m 18 5
m0 4 19
m1 15 12
m2 0 18
0 8 0
1 26 2
2 32 2
t 1214 33
m 18 6
m0 5 19
m1 14 12
m2 0 19
0 8 1
1 27 2
2 32 3
t 1213 33
m 19 6
m0 5 19
m1 14 12
m2 0 19
0 8 0
1 28 2
2 32 4
t 1212 40
m 18 6
m0 6 19
m1 14 12
m2 1 19
0 8 1
1 27 2
2 32 3
t 1211 40
m 18 7
m0 6 19
m1 14 12
m2 1 19
0 8 0
1 28 2
2 32 2
t 1210 40
m 18 8
m0 7 19
m1 14 12
m2 0 19
0 7 0
1 28 1
2 31 2
t 1209 40
m 18 9
m0 7 18
m1 15 12
m2 0 19
0 6 0
1 28 2
2 30 2
t 1208 40
m 18 9
m0 7 19
m1 14 12
m2 1 19
0 7 0
1 28 1
2 31 2
t 1207 40
m 18 10
m0 7 19
m1 14 12
m2 2 19
0 6 0
1 28 2
2 30 2
t 1206 40
m 19 10
m0 6 19
m1 14 12
m2 1 19
0 5 0
1 27 2
2 30 1
t 1205 40
m 19 10
m0 6 19
m1 13 12
m2 2 19
0 6 0
1 28 2
2 30 2
t 1204 40
m 19 10
m0 6 19
m1 13 13
m2 1 19
0 6 1
1 28 1
2 30 1
t 1203 40
m 18 10
m0 6 19
m1 13 14
m2 1 19
0 6 2
1 28 2
2 30 2
t 1202 40
m 18 10
m0 5 19
m1 13 14
m2 0 19
0 7 2
1 27 2
2 30 1
t 1201 40
m 18 9
m0 6 19
m1 13 15
m2 0 18
0 6 2
1 26 2
2 30 0
t 1200 40
m 18 8
m0 7 19
m1 13 15
m2 0 19
0 7 2
1 27 2
2 29 0
t 1199 40
m 18 7
m0 7 18
m1 13 14
m2 0 19
0 6 2
1 26 2
2 28 0
t 1198 40
m 18 6
m0 7 18
m1 13 15
m2 0 18
0 6 1
1 26 1
2 27 0
t 1197 40
m 18 7
m0 7 19
m1 13 16
m2 0 17
0 6 0
1 26 2
2 28 0
t 1196 40
m 18 6
m0 7 19
m1 13 15
m2 0 16
0 5 0
1 26 1
2 29 0
t 1195 40
m 19 6
m0 7 18
m1 13 14
m2 1 16
0 4 0
1 26 0
2 30 0
t 1194 40
m 20 6
m0 7 17
m1 13 15
m2 0 16
0 4 1
1 26 1
2 29 0
t 1193 40
m 19 6
m0 6 17
m1 13 15
m2 1 16
0 4 0
1 26 2
2 30 0
t 1192 40
m 20 6
m0 7 17
m1 13 16
m2 1 16
0 3 0
1 27 2
2 31 0
t 1191 40
m 21 6
m0 8 17
m1 13 17
m2 1 16
0 2 0
1 28 2
2 30 0
t 1190 40
m 20 6
m0 8 17
m1 13 16
m2 1 16
0 1 0
1 27 2
2 31 0
t 1189 40
m 19 6
m0 7 17
m1 13 15
m2 1 16
0 0 0
1 26 2
2 32 0
t 1188 40
m 19 6
m0 7 17
m1 13 14
m2 2 16
0 1 0
1 26 1
2 33 0
t 1187 40
m 18 6
m0 6 17
m1 13 14
m2 1 16
0 2 0
1 26 0
2 32 0
t 1186 40
m 18 6
m0 6 17
m1 13 14
m2 1 16
0 3 0
1 26 1
2 33 0
t 1185 40
m 18 7
m0 7 17
m1 13 13
m2 1 16
0 2 0
1 25 1
2 34 0
t 1184 40
m 18 7
m0 6 17
m1 13 12
m2 2 16
0 1 0
1 24 1
2 34 1
t 1183 40
m 18 7
m0 6 17
m1 13 12
m2 2 16
0 0 0
1 25 1
2 34 2
t 1182 40
m 18 6
m0 6 17
m1 14 12
m2 2 16
0 0 1
1 24 1
2 34 3
t 1181 40
m 18 5
m0 7 17
m1 15 12
m2 2 16
0 0 2
1 23 1
2 34 2
t 1180 40
m 18 5
m0 6 17
m1 15 13
m2 1 16
0 0 1
1 24 1
2 34 1
t 1179 40
m 18 5
m0 5 17
m1 15 14
m2 1 16
0 0 2
1 23 1
2 34 0
t 1178 40
m 18 6
m0 6 17
m1 15 14
m2 2 16
0 0 3
1 24 1
2 34 1
t 1177 40
m 18 6
m0 7 17
m1 15 15
m2 2 16
0 0 2
1 25 1
2 34 2
t 1176 40
m 18 7
m0 8 17
m1 15 14
m2 1 16
0 0 1
1 26 1
2 34 1
t 1175 40
m 18 8
m0 9 17
m1 15 15
m2 1 16
0 0 2
1 26 2
2 34 0
t 1174 40
m 18 8
m0 8 17
m1 15 16
m2 0 16
0 0 1
1 26 1
2 34 1
t 1173 40
m 18 8
m0 8 17
m1 15 17
m2 0 15
0 0 2
1 26 0
2 34 2
t 1172 40
m 18 8
m0 9 17
m1 15 16
m2 0 14
0 0 3
1 26 1
2 34 1
t 1171 40
m 18 8
m0 8 17
m1 15 15
m2 0 13
0 0 4
1 25 1
2 34 2
t 1170 40
m 18 9
m0 9 17
m1 15 16
m2 0 12
0 1 4
1 26 1
2 34 3
t 1169 40
m 18 8
m0 9 18
m1 15 15
m2 0 11
0 2 4
1 26 2
2 34 4
t 1168 40
m 18 8
m0 9 18
m1 15 16
m2 0 12
0 2 3
1 26 1
2 33 4
t 1167 40
m 18 8
m0 9 17
m1 15 17
m2 0 11
0 2 2
1 25 1
2 33 5
t 1166 40
m 18 7
m0 8 17
m1 15 18
m2 0 12
0 3 2
1 24 1
2 33 4
t 1165 40
m 18 8
m0 7 17
m1 15 18
m2 0 13
0 4 2
1 23 1
2 33 5
t 1164 40
m 18 9
m0 6 17
m1 15 18
m2 0 13
0 4 1
1 22 1
2 33 4
t 1163 40
m 18 10
m0 7 17
m1 15 19
m2 0 13
0 4 2
1 23 1
2 32 4
t 1162 40
m 18 11
m0 7 17
m1 15 18
m2 0 12
0 3 2
1 22 1
2 32 3
t 1161 40
m 18 10
m0 8 17
m1 15 19
m2 0 11
0 2 2
1 22 0
2 32 2
t 1160 40
m 19 10
m0 8 17
m1 14 19
m2 0 11
0 2 3
1 22 1
2 31 2
t 1159 40
m 19 10
m0 7 17
m1 15 19
m2 0 11
0 2 4
1 23 1
2 30 2
t 1158 40
m 18 10
m0 6 17
m1 15 18
m2 0 10
0 1 4
1 22 1
2 31 2
t 1157 40
m 19 10
m0 7 17
m1 15 19
m2 0 10
0 1 5
1 23 1
2 30 2
t 1156 40
m 20 10
m0 7 18
m1 15 18
m2 0 9
0 1 6
1 24 1
2 30 1
t 1155 40
m 19 10
m0 7 18
m1 15 18
m2 1 9
0 1 7
1 23 1
2 30 2
t 1154 40
m 19 10
m0 7 17
m1 15 18
m2 2 9
0 1 8
1 22 1
2 30 1
t 1153 40
m 20 10
m0 7 17
m1 15 17
m2 1 9
0 1 9
1 23 1
2 30 2
t 1152 40
m 19 10
m0 7 17
m1 15 18
m2 1 9
0 1 8
1 24 1
2 30 1
t 1151 40
m 18 10
m0 6 17
m1 15 17
m2 1 9
0 1 9
1 23 1
2 30 2
t 1150 40
m 18 11
m0 5 17
m1 15 16
m2 1 9
0 0 9
1 22 1
2 31 2
t 1149 40
m 18 10
m0 5 17
m1 16 16
m2 1 9
0 1 9
1 22 0
2 32 2
t 1148 40
m 18 10
m0 5 17
m1 16 16
m2 1 9
0 0 9
1 21 0
2 32 3
t 1147 40
m 19 10
m0 5 17
m1 17 16
m2 1 9
0 0 10
1 20 0
2 32 2
t 1146 40
m 20 10
m0 4 17
m1 16 16
m2 1 9
0 0 9
1 19 0
2 31 2
t 1145 40
m 19 10
m0 4 18
m1 15 16
m2 1 9
0 1 9
1 19 1
2 32 2
t 1144 40
m 20 10
m0 4 17
m1 16 16
m2 1 9
0 0 9
1 19 2
2 31 2
t 1143 40
m 21 10
m0 4 18
m1 17 16
m2 1 9
0 0 10
1 19 3
2 32 2
t 1142 40
m 21 11
m0 4 17
m1 17 16
m2 1 9
0 0 11
1 19 2
2 31 2
t 1141 40
m 21 10
m0 4 17
m1 17 16
m2 1 9
0 0 12
1 19 3
2 30 2
t 1140 40
m 21 11
m0 4 18
m1 17 16
m2 1 9
0 0 13
1 19 2
2 31 2
t 1139 40
m 21 11
m0 4 17
m1 17 16
m2 1 9
0 0 14
1 19 1
2 30 2
t 1138 40
m 21 11
m0 5 17
m1 17 16
m2 1 9
0 1 14
1 19 2
2 31 2
t 1137 40
m 21 11
m0 4 17
m1 18 16
m2 1 9
0 2 14
1 19 3
2 32 2
t 1136 40
m 21 12
m0 5 17
m1 17 16
m2 1 9
0 3 14
1 19 4
2 32 3
t 1135 40
m 21 12
m0 6 17
m1 16 16
m2 1 9
0 3 15
1 19 3
2 32 2
t 1134 40
m 21 13
m0 6 17
m1 17 16
m2 1 9
0 3 16
1 19 4
2 32 3
t 1133 46
m 21 13
m0 5 17
m1 18 16
m2 1 9
0 2 16
1 19 3
2 32 4
t 1132 46
m 21 12
m0 6 17
m1 18 16
m2 1 9
0 3 16
1 19 4
2 33 4
t 1131 46
m 20 12
m0 6 17
m1 18 16
m2 1 9
0 3 15
1 19 3
2 32 4
t 1130 46
m 20 12
m0 7 17
m1 19 16
m2 1 9
0 3 14
1 19 2
2 32 3
t 1129 46
m 21 12
m0 8 17
m1 18 16
m2 1 9
0 3 15
1 19 3
2 32 2
t 1128 46
m 21 13
m0 8 17
m1 18 16
m2 1 9
0 3 16
1 19 4
2 32 3
t 1127 46
m 21 14
m0 9 17
m1 19 16
m2 1 9
0 3 15
1 19 3
2 32 2
t 1126 46
m 21 13
m0 8 17
m1 19 17
m2 1 9
0 3 14
1 19 2
2 31 2
t 1125 46
m 21 14
m0 8 17
m1 19 18
m2 1 9
0 3 15
1 19 3
2 30 2
t 1124 46
m 21 13
m0 8 17
m1 19 18
m2 1 9
0 3 16
1 19 4
2 30 1
t 1123 46
m 21 14
m0 7 17
m1 19 17
m2 1 9
0 3 15
1 19 3
2 30 0
t 1122 46
m 21 15
m0 7 17
m1 19 18
m2 1 9
0 3 16
1 19 2
2 29 0
t 1121 46
m 21 16
m0 6 17
m1 19 17
m2 1 9
0 4 16
1 19 1
2 28 0
t 1120 46
m 21 15
m0 7 17
m1 19 17
m2 1 9
0 3 16
1 19 2
2 28 1
t 1119 46
m 21 15
m0 6 17
m1 19 18
m2 1 9
0 2 16
1 19 1
2 28 0
t 1118 46
m 21 14
m0 7 17
m1 19 17
m2 1 9
0 3 16
1 19 0
2 28 1
t 1117 46
m 21 14
m0 6 17
m1 19 17
m2 1 9
0 3 15
1 19 1
2 28 0
t 1116 46
m 21 14
m0 5 17
m1 19 16
m2 1 9
0 3 16
1 19 0
2 28 1
t 1115 46
m 21 14
m0 4 17
m1 18 16
m2 1 9
0 2 16
1 19 1
2 28 2
t 1114 46
m 21 15
m0 4 17
m1 17 16
m2 1 9
0 1 16
1 19 0
2 27 2
t 1113 46
m 21 14
m0 4 18
m1 18 16
m2 1 9
0 2 16
1 20 0
2 26 2
t 1112 46
m 21 14
m0 4 17
m1 18 16
m2 1 9
0 1 16
1 21 0
2 27 2
t 1111 46
m 21 13
m0 4 16
m1 19 16
m2 1 9
0 2 16
1 20 0
2 28 2
t 1110 46
m 21 14
m0 4 17
m1 19 15
m2 1 9
0 1 16
1 21 0
2 28 1
t 1109 46
m 21 14
m0 4 17
m1 19 15
m2 1 9
0 2 16
1 22 0
2 28 2
t 1108 46
m 21 13
m0 4 17
m1 19 15
m2 1 9
0 3 16
1 21 0
2 28 1
t 1107 46
m 21 12
m0 4 16
m1 19 14
m2 1 9
0 3 15
1 20 0
2 28 0
t 1106 46
m 21 12
m0 3 16
m1 19 14
m2 1 9
0 3 16
1 21 0
2 29 0
t 1105 46
m 21 12
m0 3 16
m1 19 15
m2 1 9
0 2 16
1 20 0
2 28 0
t 1104 46
m 21 13
m0 3 16
m1 19 14
m2 1 9
0 3 16
1 19 0
2 29 0
t 1103 46
m 21 13
m0 3 16
m1 19 15
m2 1 9
0 3 15
1 18 0
2 30 0
t 1102 46
m 21 13
m0 3 16
m1 19 15
m2 1 9
0 3 16
1 19 0
2 30 1
t 1101 46
m 21 12
m0 3 16
m1 19 15
m2 1 9
0 3 15
1 19 1
2 30 2
t 1100 46
m 21 13
m0 3 16
m1 19 16
m2 1 9
0 3 16
1 19 0
2 31 2
t 1099 46
m 21 14
m0 3 16
m1 18 16
m2 1 9
0 2 16
1 18 0
2 30 2
t 1098 46
m 21 15
m0 3 16
m1 19 16
m2 1 9
0 3 16
1 19 0
2 31 2
t 1097 46
m 21 14
m0 3 16
m1 19 15
m2 1 9
0 3 15
1 19 1
2 30 2
t 1096 46
m 21 15
m0 3 16
m1 19 16
m2 1 9
0 3 16
1 19 2
2 30 1
t 1095 46
m 21 14
m0 3 16
m1 19 17
m2 1 9
0 3 15
1 19 3
2 30 2
t 1094 46
m 21 14
m0 3 16
m1 19 17
m2 1 9
0 3 14
1 19 2
2 30 1
t 1093 46
m 21 15
m0 3 16
m1 19 18
m2 1 9
0 2 14
1 19 3
2 30 2
t 1092 46
m 21 15
m0 3 16
m1 19 18
m2 1 9
0 3 14
1 19 2
2 30 1
t 1091 46
m 21 15
m0 3 16
m1 19 18
m2 1 9
0 2 14
1 19 1
2 30 2
t 1090 46
m 21 16
m0 3 16
m1 19 19
m2 1 9
0 1 14
1 19 0
2 30 1
t 1089 46
m 21 17
m0 3 16
m1 19 18
m2 1 9
0 0 14
1 18 0
2 30 2
t 1088 46
m 21 18
m0 3 16
m1 19 17
m2 1 9
0 0 15
1 17 0
2 30 1
t 1087 46
m 21 19
m0 3 16
m1 19 17
m2 1 9
0 0 16
1 16 0
2 30 0
t 1086 46
m 21 19
m0 3 16
m1 19 16
m2 1 9
0 0 17
1 15 0
2 31 0
t 1085 46
m 21 18
m0 3 16
m1 19 16
m2 1 9
0 0 18
1 15 1
2 30 0
t 1084 46
m 21 19
m0 3 16
m1 19 17
m2 1 9
0 0 17
1 15 2
2 29 0
t 1083 46
m 22 19
m0 3 16
m1 19 17
m2 1 9
0 0 16
1 15 3
2 28 0
t 1082 46
m 23 19
m0 3 16
m1 19 18
m2 1 9
0 1 16
1 15 4
2 27 0
t 1081 46
m 23 19
m0 3 16
m1 19 17
m2 1 9
0 2 16
1 15 3
2 26 0
t 1080 46
m 22 19
m0 3 16
m1 19 17
m2 1 9
0 1 16
1 15 2
2 26 1
t 1079 46
m 23 19
m0 3 16
m1 19 17
m2 1 9
0 2 16
1 15 3
2 26 0
t 1078 46
m 24 19
m0 3 16
m1 19 17
m2 1 9
0 3 16
1 15 2
2 27 0
t 1077 53
m 25 19
m0 3 16
m1 19 17
m2 1 9
0 4 16
1 15 3
2 26 0
t 1076 53
m 24 19
m0 3 16
m1 19 18
m2 1 9
0 4 17
1 15 4
2 26 1
t 1075 53
m 24 19
m0 3 16
m1 19 18
m2 1 9
0 4 18
1 15 3
2 26 0
t 1074 53
m 23 19
m0 3 16
m1 19 18
m2 1 9
0 4 17
1 15 4
2 26 1
t 1073 53
m 24 19
m0 3 16
m1 19 19
m2 1 9
0 4 18
1 15 3
2 26 2
t 1072 53
m 24 19
m0 3 16
m1 19 18
m2 1 9
0 4 17
1 15 4
2 26 1
t 1071 53
m 25 19
m0 3 16
m1 19 19
m2 1 9
0 4 16
1 15 3
2 26 2
t 1070 53
m 25 18
m0 3 16
m1 19 19
m2 1 9
0 3 16
1 15 2
2 26 1
t 1069 53
m 25 19
m0 3 16
m1 19 19
m2 1 9
0 2 16
1 15 1
2 25 1
t 1068 53
m 26 19
m0 3 16
m1 19 19
m2 1 9
0 3 16
1 15 0
2 24 1
t 1067 53
m 27 19
m0 3 16
m1 19 19
m2 1 9
0 2 16
1 16 0
2 25 1
t 1066 60
m 27 18
m0 3 16
m1 19 19
m2 1 9
0 3 16
1 15 0
2 24 1
t 1065 60
m 27 18
m0 3 16
m1 20 19
m2 1 9
0 2 16
1 16 0
2 25 1
t 1064 60
m 27 19
m0 3 16
m1 21 19
m2 1 9
0 3 16
1 17 0
2 24 1
t 1063 60
m 27 18
m0 3 16
m1 22 19
m2 1 9
0 3 15
1 16 0
2 23 1
t 1062 60
m 27 17
m0 3 16
m1 22 19
m2 1 9
0 3 16
1 17 0
2 22 1
t 1061 60
m 27 18
m0 3 16
m1 23 19
m2 1 9
0 4 16
1 18 0
2 22 0
t 1060 60
m 27 19
m0 3 16
m1 24 19
m2 1 9
0 3 16
1 17 0
2 21 0
t 1059 60
m 28 19
m0 3 16
m1 25 19
m2 1 9
0 3 15
1 18 0
2 20 0
t 1058 60
m 29 19
m0 3 16
m1 25 19
m2 1 9
0 3 14
1 17 0
2 21 0
t 1057 60
m 30 19
m0 3 16
m1 26 19
m2 1 9
0 2 14
1 18 0
2 20 0
t 1056 66
m 30 19
m0 3 16
m1 25 19
m2 1 9
0 3 14
1 19 0
2 21 0
t 1055 66
m 29 19
m0 3 16
m1 25 19
m2 1 9
0 4 14
1 20 0
2 20 0
t 1054 66
m 28 19
m0 3 16
m1 25 18
m2 1 9
0 4 13
1 19 0
2 19 0
t 1053 66
m 28 19
m0 3 16
m1 25 19
m2 1 9
0 4 14
1 19 1
2 18 0
t 1052 66
m 29 19
m0 3 16
m1 26 19
m2 1 9
0 4 13
1 19 0
2 17 0
t 1051 66
m 29 19
m0 3 16
m1 27 19
m2 1 9
0 4 14
1 18 0
2 16 0
t 1050 66
m 29 19
m0 3 16
m1 28 19
m2 1 9
0 3 14
1 19 0
2 17 0
t 1049 66
m 30 19
m0 3 16
m1 29 19
m2 1 9
0 3 15
1 19 1
2 18 0
t 1048 66
m 30 19
m0 3 16
m1 28 19
m2 1 9
0 3 16
1 19 0
2 19 0
t 1047 66
m 30 18
m0 3 16
m1 29 19
m2 1 9
0 2 16
1 18 0
2 20 0
t 1046 66
m 30 17
m0 3 16
m1 30 19
m2 1 9
0 1 16
1 19 0
2 21 0
t 1045 66
m 30 17
m0 3 16
m1 30 18
m2 1 9
0 2 16
1 18 0
2 20 0
t 1044 66
m 30 16
m0 3 16
m1 30 17
m2 1 9
0 1 16
1 19 0
2 19 0
t 1043 66
m 31 16
m0 3 16
m1 30 18
m2 1 9
0 0 16
1 19 1
2 20 0
t 1042 66
m 32 16
m0 3 16
m1 30 18
m2 1 9
0 1 16
1 19 2
2 19 0
t 1041 66
m 32 16
m0 3 16
m1 30 19
m2 1 9
0 0 16
1 19 3
2 18 0
t 1040 66
m 32 16
m0 3 16
m1 30 18
m2 1 9
0 1 16
1 19 4
2 17 0
t 1039 66
m 31 16
m0 3 16
m1 30 19
m2 1 9
0 2 16
1 19 3
2 18 0
t 1038 66
m 31 16
m0 3 16
m1 30 18
m2 1 9
0 3 16
1 19 2
2 17 0
t 1037 66
m 31 16
m0 3 16
m1 30 18
m2 1 9
0 4 16
1 19 1
2 16 0
t 1036 66
m 32 16
m0 3 16
m1 30 18
m2 1 9
0 3 16
1 19 2
2 15 0
t 1035 66
m 32 16
m0 3 16
m1 30 17
m2 1 9
0 4 16
1 19 3
2 14 0
t 1034 66
m 33 16
m0 3 16
m1 30 18
m2 1 9
0 3 16
1 19 4
2 15 0
t 1033 66
m 34 16
m0 3 16
m1 30 19
m2 1 9
0 4 16
1 19 3
2 16 0
t 1032 73
m 34 17
m0 3 16
m1 31 19
m2 1 9
0 3 16
1 19 4
2 15 0
t 1031 73
m 34 17
m0 3 16
m1 30 19
m2 1 9
0 4 16
1 19 3
2 14 0
t 1030 73
m 34 16
m0 3 16
m1 30 19
m2 1 9
0 4 17
1 19 4
2 15 0
t 1029 73
m 34 15
m0 3 16
m1 29 19
m2 1 9
0 4 16
1 19 3
2 16 0
t 1028 73
m 34 14
m0 3 16
m1 29 19
m2 1 9
0 4 17
1 19 4
2 17 0
t 1027 73
m 34 15
m0 3 16
m1 29 19
m2 1 9
0 4 16
1 19 3
2 16 0
t 1026 73
m 34 16
m0 3 16
m1 30 19
m2 1 9
0 3 16
1 19 2
2 15 0
t 1025 73
m 33 16
m0 3 16
m1 31 19
m2 1 9
0 3 15
1 19 1
2 15 1
t 1024 73
m 32 16
m0 3 16
m1 31 19
m2 1 9
0 3 14
1 19 0
2 15 2
t 1023 73
m 32 16
m0 3 16
m1 30 19
m2 1 9
0 4 14
1 19 1
2 15 3
t 1022 73
m 33 16
m0 3 16
m1 30 19
m2 1 9
0 4 13
1 19 0
2 15 2
t 1021 73
m 34 16
m0 3 16
m1 29 19
m2 1 9
0 4 14
1 18 0
2 15 3
t 1020 73
m 34 16
m0 3 16
m1 29 19
m2 1 9
0 4 13
1 19 0
2 15 4
t 1019 73
m 34 15
m0 3 16
m1 29 19
m2 1 9
0 4 14
1 19 1
2 15 3
t 1018 73
m 34 14
m0 3 16
m1 28 19
m2 1 9
0 4 13
1 19 0
2 15 4
t 1017 73
m 33 14
m0 3 16
m1 27 19
m2 1 9
0 5 13
1 20 0
2 15 3
t 1016 73
m 33 14
m0 3 16
m1 27 18
m2 1 9
0 4 13
1 19 0
2 15 2
t 1015 73
m 34 14
m0 3 16
m1 27 17
m2 1 9
0 5 13
1 19 1
2 15 3
t 1014 73
m 33 14
m0 3 16
m1 26 17
m2 1 9
0 4 13
1 19 0
2 15 2
t 1013 73
m 32 14
m0 3 16
m1 27 17
m2 1 9
0 4 14
1 18 0
2 15 3
t 1012 73
m 32 14
m0 3 16
m1 27 18
m2 1 9
0 4 13
1 17 0
2 15 4
t 1011 73
m 31 14
m0 3 16
m1 27 19
m2 1 9
0 4 14
1 18 0
2 15 5
t 1010 73
m 30 14
m0 3 16
m1 27 19
m2 1 9
0 3 14
1 19 0
2 15 4
t 1009 73
m 30 13
m0 3 16
m1 28 19
m2 1 9
0 4 14
1 20 0
2 15 5
t 1008 73
m 30 14
m0 3 16
m1 28 19
m2 1 9
0 4 13
1 19 0
2 15 4
t 1007 73
m 30 14
m0 3 16
m1 28 19
m2 1 9
0 4 12
1 19 1
2 15 3
t 1006 73
m 30 14
m0 3 16
m1 28 19
m2 1 9
0 4 13
1 19 2
2 15 4
t 1005 73
m 30 13
m0 3 16
m1 28 19
m2 1 9
0 4 12
1 19 3
2 15 3
t 1004 73
m 29 13
m0 3 16
m1 27 19
m2 1 9
0 3 12
1 19 4
2 15 2
t 1003 73
m 30 13
m0 3 16
m1 27 19
m2 1 9
0 2 12
1 19 5
2 15 1
t 1002 73
m 30 13
m0 3 16
m1 27 18
m2 1 9
0 2 11
1 19 6
2 15 2
t 1001 73
m 30 13
m0 3 16
m1 27 17
m2 1 9
0 2 12
1 20 6
2 15 3
t 1000 73
m 30 12
m0 3 16
m1 27 17
m2 1 9
0 2 11
1 19 6
2 15 4
t 999 73
m 31 12
m0 3 16
m1 28 17
m2 1 9
0 2 12
1 19 5
2 15 5
t 998 73
m 32 12
m0 3 16
m1 27 17
m2 1 9
0 3 12
1 19 6
2 15 4
t 997 73
m 32 12
m0 3 16
m1 27 17
m2 1 9
0 4 12
1 20 6
2 15 3
t 996 73
m 32 11
m0 3 16
m1 28 17
m2 1 9
0 4 13
1 21 6
2 15 2
t 995 73
m 32 10
m0 3 16
m1 29 17
m2 1 9
0 4 12
1 22 6
2 15 3
t 994 73
m 32 11
m0 3 16
m1 29 17
m2 1 9
0 3 12
1 22 7
2 15 2
t 993 73
m 32 12
m0 3 16
m1 28 17
m2 1 9
0 4 12
1 22 6
2 15 1
t 992 73
m 32 12
m0 3 16
m1 28 17
m2 1 9
0 3 12
1 22 7
2 15 0
t 991 73
m 32 12
m0 3 16
m1 27 17
m2 1 9
0 4 12
1 22 6
2 14 0
t 990 73
m 32 11
m0 3 16
m1 27 17
m2 1 9
0 3 12
1 21 6
2 15 0
t 989 73
m 32 10
m0 3 16
m1 27 17
m2 1 9
0 4 12
1 22 6
2 14 0
t 988 73
m 32 10
m0 3 16
m1 27 17
m2 1 9
0 4 13
1 21 6
2 15 0
t 987 73
m 32 11
m0 3 16
m1 28 17
m2 1 9
0 4 12
1 20 6
2 14 0
t 986 73
m 32 12
m0 3 16
m1 28 17
m2 1 9
0 4 13
1 19 6
2 13 0
t 985 73
m 31 12
m0 3 16
m1 27 17
m2 1 9
0 4 12
1 20 6
2 12 0
t 984 73
m 31 12
m0 3 16
m1 27 17
m2 1 9
0 3 12
1 19 6
2 12 1
t 983 73
m 31 12
m0 3 16
m1 27 18
m2 1 9
0 4 12
1 19 5
2 12 0
t 982 73
m 32 12
m0 3 16
m1 27 17
m2 1 9
0 4 13
1 19 4
2 12 1
t 981 73
m 32 12
m0 3 16
m1 28 17
m2 1 9
0 5 13
1 19 3
2 11 1
t 980 73
m 31 12
m0 3 16
m1 27 17
m2 1 9
0 6 13
1 19 4
2 12 1
t 979 73
m 30 12
m0 3 16
m1 26 17
m2 1 9
0 7 13
1 19 3
2 12 0
t 978 73
m 31 12
m0 3 16
m1 27 17
m2 1 9
0 7 12
1 19 4
2 13 0
t 977 73
m 32 12
m0 3 16
m1 27 17
m2 1 9
0 7 13
1 19 3
2 14 0
t 976 73
m 32 11
m0 3 16
m1 28 17
m2 1 9
0 6 13
1 19 2
2 15 0
t 975 73
m 32 10
m0 3 16
m1 29 17
m2 1 9
0 7 13
1 19 3
2 16 0
t 974 73
m 32 11
m0 3 16
m1 29 17
m2 1 9
0 7 12
1 19 2
2 15 0
t 973 73
m 32 10
m0 3 16
m1 29 17
m2 1 9
0 7 13
1 19 3
2 14 0
t 972 73
m 32 9
m0 3 16
m1 28 17
m2 1 9
0 6 13
1 19 2
2 13 0
t 971 73
m 33 9
m0 3 16
m1 27 17
m2 1 9
0 5 13
1 19 3
2 12 0
t 970 73
m 33 8
m0 3 16
m1 26 17
m2 1 9
0 6 13
1 19 4
2 12 1
t 969 73
m 33 7
m0 3 16
m1 25 17
m2 1 9
0 5 13
1 19 3
2 11 1
t 968 73
m 33 8
m0 3 16
m1 25 17
m2 1 9
0 6 13
1 19 4
2 12 1
t 967 73
m 33 8
m0 3 16
m1 26 17
m2 1 9
0 5 13
1 19 5
2 11 1
t 966 73
m 33 9
m0 3 16
m1 25 17
m2 1 9
0 4 13
1 18 5
2 10 1
t 965 73
m 34 9
m0 3 16
m1 25 18
m2 1 9
0 4 12
1 17 5
2 11 1
t 964 73
m 34 10
m0 3 16
m1 25 19
m2 1 9
0 4 13
1 16 5
2 12 1
t 963 73
m 34 10
m0 3 16
m1 24 19
m2 1 9
0 4 14
1 17 5
2 11 1
t 962 73
m 34 9
m0 3 16
m1 24 19
m2 1 9
0 3 14
1 18 5
2 10 1
t 961 73
m 34 10
m0 3 16
m1 25 19
m2 1 9
0 4 14
1 19 5
2 11 1
t 960 73
m 34 9
m0 3 16
m1 26 19
m2 1 9
0 3 14
1 18 5
2 12 1
t 959 73
m 34 9
m0 3 16
m1 25 19
m2 1 9
0 2 14
1 19 5
2 12 0
t 958 73
m 33 9
m0 3 16
m1 24 19
m2 1 9
0 1 14
1 19 6
2 13 0
t 957 73
m 32 9
m0 3 16
m1 24 19
m2 1 9
0 2 14
1 19 5
2 14 0
t 956 73
m 32 9
m0 3 16
m1 25 19
m2 1 9
0 1 14
1 18 5
2 13 0
t 955 73
m 33 9
m0 3 16
m1 25 19
m2 1 9
0 0 14
1 19 5
2 14 0
t 954 73
m 34 9
m0 3 16
m1 25 18
m2 1 9
0 0 15
1 19 6
2 13 0
t 953 73
m 34 9
m0 3 16
m1 25 19
m2 1 9
0 0 14
1 19 5
2 12 0
t 952 73
m 34 10
m0 3 16
m1 26 19
m2 1 9
0 0 15
1 19 6
2 12 1
t 951 73
m 34 9
m0 3 16
m1 27 19
m2 1 9
0 0 14
1 19 5
2 11 1
t 950 73
m 34 9
m0 3 16
m1 27 19
m2 1 9
0 0 13
1 19 4
2 12 1
t 949 73
m 34 9
m0 3 16
m1 28 19
m2 1 9
0 0 14
1 19 3
2 12 0
t 948 73
m 33 9
m0 3 16
m1 29 19
m2 1 9
0 1 14
1 19 2
2 12 1
t 947 73
m 33 9
m0 3 16
m1 28 19
m2 1 9
0 0 14
1 19 3
2 12 0
t 946 73
m 33 9
m0 3 16
m1 29 19
m2 1 9
0 0 15
1 19 4
2 12 1
t 945 73
m 33 8
m0 3 16
m1 28 19
m2 1 9
0 0 14
1 19 3
2 12 0
t 944 73
m 33 7
m0 3 16
m1 27 19
m2 1 9
0 0 15
1 19 4
2 12 1
t 943 73
m 33 7
m0 3 16
m1 28 19
m2 1 9
0 0 16
1 19 5
2 11 1
t 942 73
m 33 6
m0 3 16
m1 28 19
m2 1 9
0 0 17
1 18 5
2 12 1
t 941 73
m 33 5
m0 3 16
m1 29 19
m2 1 9
0 0 16
1 19 5
2 12 0
t 940 73
m 33 6
m0 3 16
m1 30 19
m2 1 9
0 1 16
1 19 6
2 13 0
t 939 73
m 33 6
m0 3 16
m1 30 19
m2 1 9
0 2 16
1 19 5
2 14 0
t 938 73
m 33 5
m0 3 16
m1 29 19
m2 1 9
0 1 16
1 19 6
2 15 0
t 937 73
m 33 4
m0 3 16
m1 28 19
m2 1 9
0 2 16
1 19 5
2 16 0
t 936 80
m 33 4
m0 3 16
m1 29 19
m2 1 9
0 1 16
1 18 5
2 17 0
t 935 80
m 33 4
m0 3 16
m1 28 19
m2 1 9
0 2 16
1 17 5
2 18 0
t 934 80
m 32 4
m0 3 16
m1 29 19
m2 1 9
0 1 16
1 18 5
2 17 0
t 933 80
m 33 4
m0 3 16
m1 29 19
m2 1 9
0 2 16
1 18 6
2 16 0
t 932 80
m 33 4
m0 3 16
m1 30 19
m2 1 9
0 3 16
1 18 7
2 15 0
t 931 80
m 33 4
m0 3 16
m1 31 19
m2 1 9
0 3 15
1 18 8
2 16 0
t 930 80
m 32 4
m0 3 16
m1 32 19
m2 1 9
0 3 14
1 18 9
2 17 0
t 929 80
m 32 4
m0 3 16
m1 32 19
m2 1 9
0 4 14
1 18 10
2 16 0
t 928 80
m 33 4
m0 3 16
m1 32 19
m2 1 9
0 4 13
1 18 9
2 15 0
t 927 80
m 33 4
m0 3 16
m1 32 19
m2 1 9
0 4 14
1 18 8
2 15 1
t 926 80
m 34 4
m0 3 16
m1 32 19
m2 1 9
0 4 13
1 18 7
2 15 0
t 925 80
m 33 4
m0 3 16
m1 32 19
m2 1 9
0 5 13
1 18 8
2 15 1
t 924 80
m 33 5
m0 3 16
m1 32 19
m2 1 9
0 4 13
1 18 9
2 15 2
t 923 80
m 33 4
m0 3 16
m1 33 19
m2 1 9
0 5 13
1 18 8
2 15 1
t 922 80
m 34 4
m0 3 16
m1 33 19
m2 1 9
0 6 13
1 18 7
2 15 2
t 921 80
m 34 3
m0 3 16
m1 32 19
m2 1 9
0 7 13
1 18 6
2 15 3
t 920 80
m 34 3
m0 3 16
m1 31 19
m2 1 9
0 6 13
1 18 7
2 15 2
t 919 80
m 34 4
m0 3 16
m1 30 19
m2 1 9
0 5 13
1 18 8
2 15 1
t 918 80
m 34 3
m0 3 16
m1 31 19
m2 1 9
0 6 13
1 18 7
2 15 0
t 917 80
m 34 4
m0 3 16
m1 31 19
m2 1 9
0 7 13
1 18 6
2 15 1
t 916 80
m 33 4
m0 3 16
m1 31 19
m2 1 9
0 6 13
1 18 5
2 15 0
t 915 80
m 33 5
m0 3 16
m1 32 19
m2 1 9
0 7 13
1 18 6
2 15 1
t 914 80
m 33 5
m0 3 16
m1 31 19
m2 1 9
0 6 13
1 18 7
2 15 2
t 913 80
m 33 4
m0 3 16
m1 31 19
m2 1 9
0 5 13
1 18 6
2 15 1
t 912 80
m 33 5
m0 3 16
m1 32 19
m2 1 9
0 4 13
1 19 6
2 15 0
t 911 80
m 33 4
m0 3 16
m1 32 19
m2 1 9
0 4 14
1 19 5
2 15 1
t 910 80
m 33 5
m0 3 16
m1 33 19
m2 1 9
0 3 14
1 19 6
2 15 2
t 909 80
m 33 5
m0 3 16
m1 34 19
m2 1 9
0 4 14
1 20 6
2 15 1
t 908 80
m 33 6
m0 3 16
m1 34 18
m2 1 9
0 4 13
1 21 6
2 15 2
t 907 80
m 33 7
m0 3 16
m1 34 19
m2 1 9
0 4 14
1 20 6
2 15 3
t 906 80
m 33 7
m0 3 16
m1 34 18
m2 1 9
0 3 14
1 19 6
2 15 2
t 905 80
m 33 8
m0 3 16
m1 34 17
m2 1 9
0 2 14
1 20 6
2 15 1
t 904 80
m 33 9
m0 3 16
m1 34 17
m2 1 9
0 3 14
1 19 6
2 15 2
t 903 80
m 33 9
m0 3 16
m1 34 17
m2 1 9
0 3 15
1 20 6
2 15 1
t 902 80
m 33 9
m0 3 16
m1 34 18
m2 1 9
0 3 14
1 21 6
2 15 2
t 901 80
m 33 8
m0 3 16
m1 34 18
m2 1 9
0 2 14
1 22 6
2 15 3
t 900 80
m 33 8
m0 3 16
m1 34 18
m2 1 9
0 3 14
1 22 7
2 15 2
t 899 80
m 33 8
m0 3 16
m1 34 18
m2 1 9
0 2 14
1 22 6
2 15 1
t 898 80
m 33 8
m0 3 16
m1 34 17
m2 1 9
0 3 14
1 22 7
2 15 2
t 897 80
m 33 8
m0 3 16
m1 34 17
m2 1 9
0 4 14
1 22 8
2 15 1
t 896 80
m 33 8
m0 3 16
m1 34 17
m2 1 9
0 4 13
1 22 7
2 15 0
t 895 80
m 33 8
m0 3 16
m1 34 17
m2 1 9
0 4 14
1 22 6
2 14 0
t 894 80
m 33 9
m0 3 16
m1 34 16
m2 1 9
0 4 13
1 22 7
2 15 0
t 893 80
m 34 9
m0 3 16
m1 34 17
m2 1 9
0 5 13
1 22 6
2 14 0
t 892 80
m 34 9
m0 3 16
m1 34 16
m2 1 9
0 4 13
1 21 6
2 15 0
t 891 80
m 33 9
m0 3 16
m1 34 15
m2 1 9
0 5 13
1 20 6
2 16 0
t 890 80
m 33 9
m0 3 16
m1 34 16
m2 1 9
0 4 13
1 21 6
2 15 0
t 889 80
m 33 9
m0 3 16
m1 33 16
m2 1 9
0 4 14
1 20 6
2 14 0
t 888 80
m 33 8
m0 3 16
m1 32 16
m2 1 9
0 3 14
1 21 6
2 15 0
t 887 80
m 33 7
m0 3 16
m1 32 16
m2 1 9
0 3 15
1 20 6
2 15 1
t 886 80
m 33 6
m0 3 16
m1 33 16
m2 1 9
0 3 16
1 19 6
2 15 2
t 885 80
m 33 6
m0 3 16
m1 33 16
m2 1 9
0 4 16
1 20 6
2 15 3
t 884 80
m 33 6
m0 3 16
m1 32 16
m2 1 9
0 4 17
1 19 6
2 15 4
t 883 80
m 33 7
m0 3 16
m1 31 16
m2 1 9
0 4 18
1 19 5
2 15 3
t 882 80
m 33 8
m0 3 16
m1 30 16
m2 1 9
0 4 19
1 19 4
2 15 2
t 881 80
m 33 7
m0 3 16
m1 30 17
m2 1 9
0 4 18
1 19 3
2 15 3
t 880 80
m 33 7
m0 3 16
m1 30 17
m2 1 9
0 4 19
1 19 2
2 15 2
t 879 80
m 33 6
m0 3 16
m1 30 18
m2 1 9
0 4 18
1 19 1
2 15 3
t 878 80
m 33 7
m0 3 16
m1 30 18
m2 1 9
0 4 17
1 19 2
2 15 2
t 877 80
m 33 6
m0 3 16
m1 30 17
m2 1 9
0 4 16
1 19 1
2 15 1
t 876 80
m 33 7
m0 3 16
m1 29 17
m2 1 9
0 4 17
1 19 2
2 15 2
t 875 80
m 33 6
m0 3 16
m1 30 17
m2 1 9
0 4 18
1 19 3
2 15 3
t 874 80
m 33 5
m0 3 16
m1 30 17
m2 1 9
0 4 17
1 19 4
2 15 2
t 873 80
m 33 5
m0 3 16
m1 30 16
m2 1 9
0 4 18
1 19 5
2 15 1
t 872 80
m 33 4
m0 3 16
m1 31 16
m2 1 9
0 4 19
1 19 4
2 15 2
t 871 80
m 33 4
m0 3 16
m1 32 16
m2 1 9
0 4 18
1 19 3
2 15 3
t 870 80
m 32 4
m0 3 16
m1 31 16
m2 1 9
0 4 17
1 19 4
2 15 4
t 869 80
m 32 3
m0 3 16
m1 31 15
m2 1 9
0 4 18
1 19 3
2 15 5
t 868 80
m 32 4
m0 3 16
m1 31 16
m2 1 9
0 4 17
1 19 2
2 15 6
t 867 80
m 33 4
m0 3 16
m1 30 16
m2 1 9
0 4 18
1 19 3
2 14 6
t 866 80
m 32 4
m0 3 16
m1 31 16
m2 1 9
0 4 17
1 19 2
2 13 6
t 865 80
m 32 3
m0 3 16
m1 31 16
m2 1 9
0 4 18
1 19 1
2 12 6
t 864 80
m 32 2
m0 3 16
m1 30 16
m2 1 9
0 4 19
1 19 2
2 13 6
t 863 80
m 32 2
m0 3 16
m1 30 17
m2 1 9
0 4 18
1 19 1
2 12 6
t 862 80
m 32 2
m0 3 16
m1 30 17
m2 1 9
0 4 17
1 19 0
2 13 6
t 861 80
m 31 2
m0 3 16
m1 29 17
m2 1 9
0 4 18
1 18 0
2 12 6
t 860 80
m 30 2
m0 3 16
m1 30 17
m2 1 9
0 4 19
1 17 0
2 13 6
t 859 80
m 30 2
m0 3 16
m1 29 17
m2 1 9
0 4 18
1 18 0
2 12 6
t 858 80
m 30 2
m0 3 16
m1 28 17
m2 1 9
0 4 17
1 17 0
2 12 7
t 857 80
m 30 1
m0 3 16
m1 27 17
m2 1 9
0 5 17
1 16 0
2 12 6
t 856 80
m 30 0
m0 3 16
m1 26 17
m2 1 9
0 6 17
1 15 0
2 13 6
t 855 80
m 29 0
m0 3 16
m1 25 17
m2 1 9
0 7 17
1 15 1
2 14 6
t 854 80
m 29 0
m0 3 16
m1 25 17
m2 1 9
0 6 17
1 15 0
2 15 6
t 853 80
m 30 0
m0 3 16
m1 26 17
m2 1 9
0 5 17
1 14 0
2 15 5
t 852 80
m 29 0
m0 3 16
m1 27 17
m2 1 9
0 6 17
1 15 0
2 15 6
t 851 80
m 29 0
m0 3 16
m1 27 17
m2 1 9
0 5 17
1 15 1
2 14 6
t 850 80
m 29 0
m0 3 16
m1 28 17
m2 1 9
0 4 17
1 15 2
2 13 6
t 849 80
m 28 0
m0 3 16
m1 28 17
m2 1 9
0 4 16
1 15 3
2 12 6
t 848 80
m 29 0
m0 3 16
m1 28 17
m2 1 9
0 4 17
1 15 4
2 13 6
t 847 80
m 30 0
m0 3 16
m1 27 17
m2 1 9
0 4 16
1 15 3
2 14 6
t 846 80
m 29 0
m0 3 16
m1 27 17
m2 1 9
0 3 16
1 15 4
2 13 6
t 845 80
m 28 0
m0 3 16
m1 28 17
m2 1 9
0 4 16
1 15 3
2 14 6
t 844 80
m 28 1
m0 3 16
m1 29 17
m2 1 9
0 4 17
1 15 4
2 13 6
t 843 80
m 28 0
m0 3 16
m1 28 17
m2 1 9
0 4 18
1 15 5
2 14 6
t 842 80
m 27 0
m0 3 16
m1 27 17
m2 1 9
0 4 17
1 15 6
2 13 6
t 841 80
m 28 0
m0 3 16
m1 28 17
m2 1 9
0 5 17
1 14 6
2 14 6
t 840 80
m 27 0
m0 3 16
m1 27 17
m2 1 9
0 6 17
1 15 6
2 13 6
t 839 80
m 26 0
m0 3 16
m1 26 17
m2 1 9
0 5 17
1 14 6
2 14 6
t 838 80
m 26 0
m0 3 16
m1 25 17
m2 1 9
0 6 17
1 13 6
2 13 6
t 837 80
m 26 1
m0 3 16
m1 26 17
m2 1 9
0 5 17
1 12 6
2 12 6
t 836 80
m 26 1
m0 3 16
m1 27 17
m2 1 9
0 6 17
1 13 6
2 12 7
t 835 80
m 26 2
m0 3 16
m1 28 17
m2 1 9
0 5 17
1 12 6
2 12 6
t 834 80
m 26 1
m0 3 16
m1 28 17
m2 1 9
0 6 17
1 13 6
2 12 7
t 833 80
m 26 0
m0 3 16
m1 27 17
m2 1 9
0 7 17
1 14 6
2 12 8
t 832 80
m 27 0
m0 3 16
m1 27 17
m2 1 9
0 6 17
1 15 6
2 12 9
t 831 80
m 26 0
m0 3 16
m1 27 18
m2 1 9
0 7 17
1 16 6
2 12 10
t 830 80
m 27 0
m0 3 16
m1 27 17
m2 1 9
0 8 17
1 16 5
2 11 10
t 829 80
m 26 0
m0 3 16
m1 26 17
m2 1 9
0 7 17
1 16 6
2 12 10
t 828 80
m 26 0
m0 3 16
m1 26 17
m2 1 9
0 8 17
1 16 7
2 12 9
t 827 80
m 27 0
m0 3 16
m1 26 17
m2 1 9
0 9 17
1 16 6
2 12 10
t 826 80
m 26 0
m0 3 16
m1 26 17
m2 1 9
0 9 18
1 16 7
2 12 9
t 825 80
m 27 0
m0 3 16
m1 25 17
m2 1 9
0 9 19
1 16 8
2 12 10
t 824 80
m 26 0
m0 3 16
m1 26 17
m2 1 9
0 10 19
1 16 7
2 11 10
t 823 80
m 27 0
m0 3 16
m1 26 17
m2 1 9
0 9 19
1 16 6
2 10 10
t 822 80
m 26 0
m0 3 16
m1 25 17
m2 1 9
0 8 19
1 16 5
2 9 10
t 821 80
m 26 0
m0 3 16
m1 25 17
m2 1 9
0 9 19
1 16 6
2 8 10
t 820 80
m 26 0
m0 3 16
m1 25 18
m2 1 9
0 10 19
1 16 5
2 9 10
t 819 80
m 27 0
m0 3 16
m1 25 18
m2 1 9
0 11 19
1 15 5
2 8 10
t 818 80
m 26 0
m0 3 16
m1 25 18
m2 1 9
0 10 19
1 16 5
2 7 10
t 817 80
m 26 1
m0 3 16
m1 25 19
m2 1 9
0 11 19
1 15 5
2 8 10
t 816 80
m 26 2
m0 3 16
m1 24 19
m2 1 9
0 12 19
1 15 6
2 9 10
t 815 80
m 26 2
m0 3 16
m1 25 19
m2 1 9
0 11 19
1 16 6
2 8 10
t 814 80
m 26 1
m0 3 16
m1 24 19
m2 1 9
0 12 19
1 16 5
2 7 10
t 813 80
m 26 2
m0 3 16
m1 24 19
m2 1 9
0 13 19
1 16 6
2 8 10
t 812 80
m 27 2
m0 3 16
m1 24 19
m2 1 9
0 13 18
1 15 6
2 9 10
t 811 80
m 27 2
m0 3 16
m1 23 19
m2 1 9
0 13 19
1 16 6
2 8 10
t 810 80
m 27 2
m0 3 16
m1 23 19
m2 1 9
0 14 19
1 16 7
2 9 10
t 809 80
m 27 2
m0 3 16
m1 24 19
m2 1 9
0 15 19
1 16 6
2 10 10
t 808 80
m 26 2
m0 3 16
m1 23 19
m2 1 9
0 14 19
1 15 6
2 11 10
t 807 80
m 26 2
m0 3 16
m1 24 19
m2 1 9
0 15 19
1 15 5
2 10 10
t 806 80
m 26 2
m0 3 16
m1 24 19
m2 1 9
0 14 19
1 15 6
2 9 10
t 805 80
m 26 1
m0 3 16
m1 25 19
m2 1 9
0 13 19
1 14 6
2 10 10
t 804 80
m 26 1
m0 3 16
m1 26 19
m2 1 9
0 13 18
1 15 6
2 9 10
t 803 80
m 25 1
m0 3 16
m1 26 19
m2 1 9
0 13 17
1 14 6
2 8 10
t 802 80
m 24 1
m0 3 16
m1 25 19
m2 1 9
0 13 16
1 15 6
2 7 10
t 801 80
m 24 1
m0 3 16
m1 26 19
m2 1 9
0 13 15
1 15 5
2 8 10
t 800 80
m 25 1
m0 3 16
m1 27 19
m2 1 9
0 13 14
1 15 6
2 9 10
t 799 80
m 24 1
m0 3 16
m1 26 19
m2 1 9
0 13 15
1 15 5
2 10 10
t 798 80
m 23 1
m0 3 16
m1 27 19
m2 1 9
0 13 14
1 15 6
2 9 10
t 797 80
m 23 1
m0 3 16
m1 27 19
m2 1 9
0 13 13
1 16 6
2 8 10
t 796 80
m 23 1
m0 3 16
m1 28 19
m2 1 9
0 13 12
1 16 5
2 9 10
t 795 80
m 22 1
m0 3 16
m1 29 19
m2 1 9
0 14 12
1 16 6
2 10 10
t 794 80
m 22 0
m0 3 16
m1 30 19
m2 1 9
0 13 12
1 15 6
2 9 10
t 793 80
m 21 0
m0 3 16
m1 30 18
m2 1 9
0 14 12
1 16 6
2 10 10
t 792 80
m 21 0
m0 3 16
m1 30 18
m2 1 9
0 15 12
1 15 6
2 9 10
t 791 80
m 20 0
m0 3 16
m1 30 19
m2 1 9
0 15 13
1 14 6
2 10 10
t 790 80
m 19 0
m0 3 16
m1 30 19
m2 1 9
0 15 14
1 15 6
2 11 10
t 789 80
m 18 0
m0 3 16
m1 31 19
m2 1 9
0 15 15
1 15 5
2 10 10
t 788 80
m 17 0
m0 3 16
m1 31 19
m2 1 9
0 15 16
1 15 4
2 9 10
t 787 86
m 17 0
m0 3 16
m1 32 19
m2 1 9
0 15 15
1 15 5
2 10 10
t 786 86
m 18 0
m0 3 16
m1 31 19
m2 1 9
0 15 16
1 15 6
2 9 10
t 785 86
m 19 0
m0 3 16
m1 31 19
m2 1 9
0 15 15
1 16 6
2 8 10
t 784 86
m 20 0
m0 3 16
m1 30 19
m2 1 9
0 15 14
1 16 7
2 9 10
t 783 86
m 21 0
m0 3 16
m1 30 18
m2 1 9
0 15 15
1 16 6
2 8 10
t 782 86
m 21 0
m0 3 16
m1 30 18
m2 1 9
0 15 14
1 16 7
2 9 10
t 781 86
m 22 0
m0 3 16
m1 30 17
m2 1 9
0 15 15
1 16 8
2 8 10
t 780 86
m 22 1
m0 3 16
m1 30 17
m2 1 9
0 15 14
1 16 9
2 7 10
t 779 86
m 23 1
m0 3 16
m1 30 16
m2 1 9
0 15 15
1 16 10
2 8 10
t 778 86
m 23 1
m0 3 16
m1 30 17
m2 1 9
0 15 14
1 16 9
2 7 10
t 777 86
m 22 1
m0 3 16
m1 30 16
m2 1 9
0 15 13
1 16 8
2 8 10
t 776 86
m 22 0
m0 3 16
m1 31 16
m2 1 9
0 15 14
1 16 7
2 9 10
t 775 86
m 22 0
m0 3 16
m1 31 16
m2 1 9
0 15 13
1 16 8
2 8 10
t 774 86
m 22 0
m0 3 16
m1 30 16
m2 1 9
0 15 12
1 16 7
2 7 10
t 773 86
m 22 0
m0 3 16
m1 31 16
m2 1 9
0 16 12
1 16 8
2 7 11
t 772 86
m 21 0
m0 3 16
m1 31 16
m2 1 9
0 17 12
1 16 9
2 7 12
t 771 86
m 21 0
m0 3 16
m1 31 15
m2 1 9
0 16 12
1 16 10
2 7 13
t 770 86
m 22 0
m0 3 16
m1 31 14
m2 1 9
0 17 12
1 16 9
2 7 12
t 769 86
m 22 0
m0 3 16
m1 32 14
m2 1 9
0 18 12
1 16 8
2 7 11
t 768 86
m 22 1
m0 3 16
m1 31 14
m2 1 9
0 18 11
1 16 7
2 7 10
t 767 86
m 23 1
m0 3 16
m1 30 14
m2 1 9
0 18 10
1 16 6
2 7 11
t 766 86
m 24 1
m0 3 16
m1 30 14
m2 1 9
0 19 10
1 15 6
2 7 12
t 765 86
m 24 1
m0 3 16
m1 31 14
m2 1 9
0 20 10
1 15 5
2 7 13
t 764 86
m 23 1
m0 3 16
m1 31 15
m2 1 9
0 19 10
1 16 5
2 7 12
t 763 86
m 23 1
m0 3 16
m1 31 16
m2 1 9
0 20 10
1 17 5
2 7 13
t 762 86
m 23 1
m0 3 16
m1 31 15
m2 1 9
0 21 10
1 16 5
2 6 13
t 761 86
m 22 1
m0 3 16
m1 31 15
m2 1 9
0 22 10
1 16 6
2 7 13
t 760 86
m 22 0
m0 3 16
m1 31 16
m2 1 9
0 22 9
1 16 5
2 7 12
t 759 86
m 21 0
m0 3 16
m1 30 16
m2 1 9
0 22 8
1 15 5
2 7 11
t 758 86
m 22 0
m0 3 16
m1 30 16
m2 1 9
0 22 9
1 15 6
2 7 12
t 757 86
m 22 1
m0 3 16
m1 30 16
m2 1 9
0 22 10
1 14 6
2 7 11
t 756 86
m 22 1
m0 3 16
m1 31 16
m2 1 9
0 22 9
1 13 6
2 7 12
t 755 86
m 22 0
m0 3 16
m1 31 16
m2 1 9
0 22 8
1 14 6
2 7 13
t 754 86
m 22 0
m0 3 16
m1 32 16
m2 1 9
0 22 9
1 15 6
2 7 12
t 753 86
m 21 0
m0 3 16
m1 32 16
m2 1 9
0 22 10
1 16 6
2 7 13
t 752 86
m 21 0
m0 3 16
m1 32 16
m2 1 9
0 23 10
1 16 5
2 6 13
t 751 86
m 20 0
m0 3 16
m1 33 16
m2 1 9
0 24 10
1 17 5
2 7 13
t 750 86
m 21 0
m0 3 16
m1 32 16
m2 1 9
0 23 10
1 18 5
2 7 12
t 749 86
m 22 0
m0 3 16
m1 31 16
m2 1 9
0 24 10
1 17 5
2 7 13
t 748 86
m 21 0
m0 3 16
m1 31 15
m2 1 9
0 23 10
1 16 5
2 6 13
t 747 86
m 22 0
m0 3 16
m1 31 14
m2 1 9
0 24 10
1 15 5
2 7 13
t 746 86
m 22 1
m0 3 16
m1 31 15
m2 1 9
0 23 10
1 15 6
2 7 12
t 745 86
m 22 1
m0 3 16
m1 31 16
m2 1 9
0 24 10
1 14 6
2 7 11
t 744 86
m 22 0
m0 3 16
m1 30 16
m2 1 9
0 25 10
1 15 6
2 7 10
t 743 86
m 22 0
m0 3 16
m1 31 16
m2 1 9
0 26 10
1 16 6
2 8 10
t 742 86
m 21 0
m0 3 16
m1 31 15
m2 1 9
0 25 10
1 16 5
2 7 10
t 741 86
m 20 0
m0 3 16
m1 31 15
m2 1 9
0 26 10
1 17 5
2 7 11
t 740 86
m 19 0
m0 3 16
m1 31 16
m2 1 9
0 25 10
1 18 5
2 7 10
t 739 86
m 18 0
m0 3 16
m1 31 16
m2 1 9
0 24 10
1 19 5
2 8 10
t 738 86
m 17 0
m0 3 16
m1 32 16
m2 1 9
0 23 10
1 19 6
2 7 10
t 737 86
m 17 0
m0 3 16
m1 31 16
m2 1 9
0 24 10
1 20 6
2 7 11
t 736 86
m 16 0
m0 3 16
m1 31 16
m2 1 9
0 23 10
1 19 6
2 7 12
t 735 86
m 16 0
m0 3 16
m1 31 16
m2 1 9
0 22 10
1 18 6
2 7 13
t 734 86
m 16 0
m0 3 16
m1 30 16
m2 1 9
0 22 9
1 18 5
2 7 12
t 733 86
m 15 0
m0 3 16
m1 30 16
m2 1 9
0 22 10
1 19 5
2 7 11
t 732 86
m 15 1
m0 3 16
m1 30 16
m2 1 9
0 22 9
1 18 5
2 7 10
t 731 86
m 15 0
m0 3 16
m1 30 16
m2 1 9
0 22 10
1 17 5
2 8 10
t 730 86
m 15 0
m0 3 16
m1 30 17
m2 1 9
0 23 10
1 18 5
2 9 10
t 729 86
m 14 0
m0 3 16
m1 30 17
m2 1 9
0 22 10
1 19 5
2 10 10
t 728 86
m 15 0
m0 3 16
m1 30 18
m2 1 9
0 22 9
1 19 6
2 9 10
t 727 86
m 14 0
m0 3 16
m1 30 18
m2 1 9
0 22 8
1 18 6
2 8 10
t 726 86
m 15 0
m0 3 16
m1 30 19
m2 1 9
0 22 7
1 19 6
2 9 10
t 725 86
m 14 0
m0 3 16
m1 29 19
m2 1 9
0 22 8
1 18 6
2 8 10
t 724 86
m 14 0
m0 3 16
m1 29 19
m2 1 9
0 22 9
1 18 7
2 9 10
t 723 86
m 13 0
m0 3 16
m1 28 19
m2 1 9
0 22 10
1 18 6
2 10 10
t 722 86
m 12 0
m0 3 16
m1 29 19
m2 1 9
0 22 9
1 18 5
2 9 10
t 721 86
m 12 1
m0 3 16
m1 29 19
m2 1 9
0 22 8
1 18 6
2 10 10
t 720 86
m 11 1
m0 3 16
m1 28 19
m2 1 9
0 22 9
1 19 6
2 11 10
t 719 86
m 10 1
m0 3 16
m1 29 19
m2 1 9
0 22 10
1 20 6
2 10 10
t 718 86
m 9 1
m0 3 16
m1 29 19
m2 1 9
0 22 9
1 21 6
2 9 10
t 717 86
m 8 1
m0 3 16
m1 30 19
m2 1 9
0 22 8
1 22 6
2 8 10
t 716 86
m 8 0
m0 3 16
m1 29 19
m2 1 9
0 22 7
1 21 6
2 7 10
t 715 86
m 8 1
m0 3 16
m1 29 19
m2 1 9
0 22 6
1 20 6
2 7 11
t 714 86
m 8 2
m0 3 16
m1 28 19
m2 1 9
0 22 7
1 19 6
2 7 12
t 713 86
m 7 2
m0 3 16
m1 28 19
m2 1 9
0 22 8
1 20 6
2 7 11
t 712 86
m 8 2
m0 3 16
m1 27 19
m2 1 9
0 22 7
1 21 6
2 7 10
t 711 86
m 8 1
m0 3 16
m1 27 19
m2 1 9
0 22 6
1 22 6
2 7 11
t 710 86
m 8 2
m0 3 16
m1 27 19
m2 1 9
0 21 6
1 22 7
2 7 10
t 709 86
m 8 2
m0 3 16
m1 26 19
m2 1 9
0 20 6
1 22 6
2 7 11
t 708 86
m 8 1
m0 3 16
m1 27 19
m2 1 9
0 19 6
1 22 7
2 7 10
t 707 86
m 8 2
m0 3 16
m1 27 18
m2 1 9
0 19 5
1 22 6
2 8 10
t 706 86
m 7 2
m0 3 16
m1 27 18
m2 1 9
0 18 5
1 21 6
2 9 10
t 705 86
m 7 2
m0 3 16
m1 27 18
m2 1 9
0 17 5
1 20 6
2 8 10
t 704 86
m 8 2
m0 3 16
m1 27 19
m2 1 9
0 18 5
1 19 6
2 7 10
t 703 86
m 8 2
m0 3 16
m1 26 19
m2 1 9
0 18 6
1 20 6
2 7 11
t 702 86
m 7 2
m0 3 16
m1 25 19
m2 1 9
0 19 6
1 21 6
2 7 12
t 701 86
m 6 2
m0 3 16
m1 25 19
m2 1 9
0 20 6
1 20 6
2 7 11
t 700 86
m 6 2
m0 3 16
m1 24 19
m2 1 9
0 19 6
1 19 6
2 7 12
t 699 86
m 6 1
m0 3 16
m1 24 19
m2 1 9
0 18 6
1 19 5
2 7 11
t 698 86
m 6 1
m0 3 16
m1 23 19
m2 1 9
0 18 5
1 19 6
2 7 10
t 697 86
m 6 2
m0 3 16
m1 24 19
m2 1 9
0 19 5
1 18 6
2 8 10
t 696 86
m 6 1
m0 3 16
m1 24 19
m2 1 9
0 19 6
1 18 5
2 9 10
t 695 86
m 6 1
m0 3 16
m1 23 19
m2 1 9
0 18 6
1 18 6
2 8 10
t 694 86
m 6 2
m0 3 16
m1 22 19
m2 1 9
0 18 7
1 19 6
2 9 10
t 693 86
m 6 2
m0 3 16
m1 23 19
m2 1 9
0 18 8
1 20 6
2 10 10
t 692 86
m 6 2
m0 3 16
m1 24 19
m2 1 9
0 18 9
1 21 6
2 9 10
t 691 86
m 7 2
m0 3 16
m1 25 19
m2 1 9
0 18 10
1 20 6
2 10 10
t 690 86
m 6 2
m0 3 16
m1 26 19
m2 1 9
0 19 10
1 19 6
2 9 10
t 689 86
m 6 1
m0 3 16
m1 27 19
m2 1 9
0 18 10
1 20 6
2 10 10
t 688 86
m 6 2
m0 3 16
m1 27 18
m2 1 9
0 18 11
1 19 6
2 11 10
t 687 86
m 7 2
m0 3 16
m1 27 18
m2 1 9
0 18 12
1 20 6
2 12 10
t 686 86
m 6 2
m0 3 16
m1 27 19
m2 1 9
0 17 12
1 21 6
2 13 10
t 685 86
m 7 2
m0 3 16
m1 27 18
m2 1 9
0 18 12
1 20 6
2 14 10
t 684 86
m 7 2
m0 3 16
m1 27 18
m2 1 9
0 18 11
1 21 6
2 15 10
t 683 86
m 6 2
m0 3 16
m1 27 18
m2 1 9
0 18 12
1 22 6
2 16 10
t 682 86
m 6 2
m0 3 16
m1 27 17
m2 1 9
0 18 11
1 21 6
2 16 9
t 681 86
m 6 1
m0 3 16
m1 26 17
m2 1 9
0 18 10
1 20 6
2 16 10
t 680 86
m 6 2
m0 3 16
m1 25 17
m2 1 9
0 19 10
1 21 6
2 16 9
t 679 86
m 6 1
m0 3 16
m1 26 17
m2 1 9
0 18 10
1 20 6
2 16 10
t 678 86
m 6 2
m0 3 16
m1 26 17
m2 1 9
0 19 10
1 19 6
2 15 10
t 677 86
m 6 2
m0 3 16
m1 25 17
m2 1 9
0 20 10
1 18 6
2 14 10
t 676 86
m 6 2
m0 3 16
m1 25 17
m2 1 9
0 19 10
1 18 5
2 13 10
t 675 86
m 7 2
m0 3 16
m1 26 17
m2 1 9
0 20 10
1 17 5
2 13 11
t 674 86
m 6 2
m0 3 16
m1 27 17
m2 1 9
0 19 10
1 16 5
2 13 10
t 673 86
m 6 1
m0 3 16
m1 26 17
m2 1 9
0 20 10
1 17 5
2 13 11
t 672 86
m 6 0
m0 3 16
m1 25 17
m2 1 9
0 21 10
1 16 5
2 13 12
t 671 86
m 5 0
m0 3 16
m1 25 18
m2 1 9
0 21 11
1 16 6
2 13 13
t 670 86
m 6 0
m0 3 16
m1 25 19
m2 1 9
0 21 10
1 15 6
2 13 12
t 669 86
m 5 0
m0 3 16
m1 25 18
m2 1 9
0 22 10
1 14 6
2 13 13
t 668 86
m 5 0
m0 3 16
m1 25 19
m2 1 9
0 22 9
1 13 6
2 13 14
t 667 86
m 4 0
m0 3 16
m1 24 19
m2 1 9
0 22 8
1 14 6
2 13 13
t 666 86
m 3 0
m0 3 16
m1 24 19
m2 1 9
0 22 9
1 15 6
2 13 14
t 665 86
m 4 0
m0 3 16
m1 24 19
m2 1 9
0 22 8
1 15 5
2 13 13
t 664 86
m 3 0
m0 3 16
m1 25 19
m2 1 9
0 22 9
1 15 6
2 13 14
t 663 86
m 2 0
m0 3 16
m1 25 18
m2 1 9
0 22 10
1 15 5
2 13 13
t 662 86
m 1 0
m0 3 16
m1 25 17
m2 1 9
0 22 9
1 15 4
2 13 12
t 661 86
m 0 0
m0 3 16
m1 26 17
m2 1 9
0 22 10
1 15 3
2 14 12
t 660 93
m 0 0
m0 3 16
m1 27 17
m2 1 9
0 23 10
1 15 4
2 15 12
t 659 93
m 0 1
m0 3 16
m1 27 17
m2 1 9
0 22 10
1 15 5
2 16 12
t 658 93
m 0 2
m0 3 16
m1 26 17
m2 1 9
0 21 10
1 16 5
2 15 12
t 657 93
m 0 3
m0 3 16
m1 25 17
m2 1 9
0 20 10
1 17 5
2 16 12
t 656 93
m 0 3
m0 3 16
m1 25 17
m2 1 9
0 21 10
1 16 5
2 16 11
t 655 93
m 0 4
m0 3 16
m1 26 17
m2 1 9
0 21 11
1 17 5
2 16 12
t 654 93
m 0 3
m0 3 16
m1 27 17
m2 1 9
0 21 12
1 16 5
2 15 12
t 653 93
m 0 4
m0 3 16
m1 27 18
m2 1 9
0 21 13
1 16 6
2 15 13
t 652 93
m 0 4
m0 3 16
m1 27 17
m2 1 9
0 21 14
1 15 6
2 15 12
t 651 93
m 0 4
m0 3 16
m1 26 17
m2 1 9
0 21 13
1 14 6
2 15 13
t 650 93
m 1 4
m0 3 16
m1 27 17
m2 1 9
0 21 14
1 15 6
2 15 12
t 649 93
m 1 5
m0 3 16
m1 27 17
m2 1 9
0 21 15
1 14 6
2 16 12
t 648 93
m 1 6
m0 3 16
m1 27 18
m2 1 9
0 21 16
1 13 6
2 15 12
t 647 93
m 1 7
m0 3 16
m1 27 19
m2 1 9
0 21 15
1 14 6
2 15 13
t 646 93
m 1 8
m0 3 16
m1 26 19
m2 1 9
0 21 16
1 15 6
2 15 12
t 645 146
