35
20
m 0 19
0 34 0
1 34 0
2 34 0
w 0 5
w 0 6
w 0 7
w 0 8
w 1 1
w 1 2
w 1 3
w 1 10
w 1 11
w 1 12
w 1 13
w 1 15
w 1 17
w 1 18
w 2 1
w 2 5
w 2 6
w 2 7
w 2 8
w 2 13
w 2 15
w 2 17
w 2 18
w 3 1
w 3 3
w 3 4
w 3 5
w 3 6
w 3 7
w 3 8
w 3 9
w 3 10
w 3 11
w 3 13
w 3 17
w 3 18
w 4 3
w 4 4
w 4 5
w 4 6
w 4 7
w 4 8
w 4 9
w 4 10
w 4 11
w 4 15
w 5 1
w 5 2
w 5 3
w 5 4
w 5 5
w 5 6
w 5 7
w 5 8
w 5 9
w 5 10
w 5 11
w 5 12
w 5 14
w 5 15
w 5 16
w 5 18
w 6 3
w 6 4
w 6 5
w 6 6
w 6 7
w 6 8
w 6 9
w 6 10
w 6 11
w 6 12
w 6 14
w 6 15
w 6 16
w 6 18
w 7 1
w 7 3
w 7 4
w 7 5
w 7 6
w 7 7
w 7 8
w 7 9
w 7 14
w 7 15
w 7 16
w 8 3
w 8 4
w 8 5
w 8 6
w 8 7
w 8 8
w 8 9
w 8 11
w 8 12
w 8 13
w 8 14
w 8 15
w 8 16
w 8 18
w 9 0
w 9 2
w 9 3
w 9 4
w 9 5
w 9 6
w 9 7
w 9 8
w 9 9
w 9 11
w 9 12
w 9 13
w 9 14
w 9 15
w 9 16
w 10 0
w 10 2
w 10 3
w 10 4
w 10 5
w 10 6
w 10 7
w 10 8
w 10 9
w 10 11
w 10 12
w 10 13
w 10 14
w 10 15
w 10 16
w 10 17
w 10 18
w 11 0
w 11 2
w 11 3
w 11 4
w 11 5
w 11 6
w 11 7
w 11 8
w 11 9
w 11 11
w 11 12
w 11 13
w 11 14
w 11 15
w 11 16
w 11 17
w 11 18
w 12 2
w 12 3
w 12 4
w 12 5
w 12 11
w 12 12
w 12 13
w 12 14
w 12 15
w 12 16
w 12 17
w 12 18
w 13 1
w 13 2
w 13 3
w 13 4
w 13 5
w 13 7
w 13 8
w 13 9
w 14 1
w 14 2
w 14 3
w 14 4
w 14 5
w 14 7
w 14 8
w 14 9
w 14 11
w 14 13
w 14 14
w 14 15
w 14 16
w 14 17
w 14 18
w 15 7
w 15 8
w 15 9
w 15 11
w 16 1
w 16 2
w 16 3
w 16 4
w 16 13
w 16 14
w 16 15
w 16 17
w 16 18
w 16 19
w 17 1
w 17 2
w 17 3
w 17 4
w 17 6
w 17 7
w 17 8
w 17 9
w 17 10
w 17 11
w 17 13
w 17 14
w 17 15
w 17 17
w 17 18
w 17 19
w 18 1
w 18 2
w 18 3
w 18 4
w 18 13
w 18 14
w 18 15
w 18 17
w 18 18
w 18 19
w 19 7
w 19 8
w 19 9
w 19 11
w 20 1
w 20 2
w 20 3
w 20 4
w 20 5
w 20 7
w 20 8
w 20 9
w 20 11
w 20 13
w 20 14
w 20 15
w 20 16
w 20 17
w 20 18
w 21 1
w 21 2
w 21 3
w 21 4
w 21 5
w 21 7
w 21 8
w 21 9
w 22 2
w 22 3
w 22 4
w 22 5
w 22 11
w 22 12
w 22 13
w 22 14
w 22 15
w 22 16
w 22 17
w 22 18
w 23 0
w 23 2
w 23 3
w 23 4
w 23 5
w 23 6
w 23 7
w 23 8
w 23 9
w 23 11
w 23 12
w 23 13
w 23 14
w 23 15
w 23 16
w 23 17
w 23 18
w 24 0
w 24 2
w 24 3
w 24 4
w 24 5
w 24 6
w 24 7
w 24 8
w 24 9
w 24 11
w 24 12
w 24 13
w 24 14
w 24 15
w 24 16
w 24 17
w 24 18
w 25 0
w 25 2
w 25 3
w 25 4
w 25 5
w 25 6
w 25 7
w 25 8
w 25 9
w 25 11
w 25 12
w 25 13
w 25 14
w 25 15
w 25 16
w 26 3
w 26 4
w 26 5
w 26 6
w 26 7
w 26 8
w 26 9
w 26 11
w 26 12
w 26 13
w 26 14
w 26 15
w 26 16
w 26 18
w 27 1
w 27 3
w 27 4
w 27 5
w 27 6
w 27 7
w 27 8
w 27 9
w 27 14
w 27 15
w 27 16
w 28 3
w 28 4
w 28 5
w 28 6
w 28 7
w 28 8
w 28 9
w 28 10
w 28 11
w 28 12
w 28 14
w 28 15
w 28 16
w 28 18
w 29 1
w 29 2
w 29 3
w 29 4
w 29 5
w 29 6
w 29 7
w 29 8
w 29 9
w 29 10
w 29 11
w 29 12
w 29 14
w 29 15
w 29 16
w 29 18
w 30 3
w 30 4
w 30 5
w 30 6
w 30 7
w 30 8
w 30 9
w 30 10
w 30 11
w 30 15
w 31 1
w 31 3
w 31 4
w 31 5
w 31 6
w 31 7
w 31 8
w 31 9
w 31 10
w 31 11
w 31 13
w 31 17
w 31 18
w 32 1
w 32 5
w 32 6
w 32 7
w 32 8
w 32 13
w 32 15
w 32 17
w 32 18
w 33 1
w 33 2
w 33 3
w 33 10
w 33 11
w 33 12
w 33 13
w 33 15
w 33 17
w 33 18
w 34 5
w 34 6
w 34 7
w 34 8
p 0 0
p 21 13
p 17 0
p 34 16
p 1 8
p 19 6
p 24 19
p 30 19
p 6 13
p 15 6
p 27 19
p 9 17
p 3 15
p 13 11
p 33 4
t 1400 0
m 0 18
0 34 1
1 33 0
2 33 0
t 1399 0
m 0 17
0 34 0
1 32 0
2 34 0
t 1398 0
m 0 17
0 34 1
1 31 0
2 33 0
t 1397 0
m 0 18
0 34 2
1 30 0
2 32 0
t 1396 0
m 0 19
0 34 3
1 31 0
2 31 0
t 1395 0
m 1 19
0 34 4
1 30 0
2 32 0
t 1394 0
m 1 19
0 34 3
1 30 1
2 31 0
t 1393 0
m 2 19
0 34 4
1 30 2
2 32 0
t 1392 0
m 1 19
0 34 3
1 30 1
2 31 0
f 0 1
t 1391 0
m 1 19
0 34 2
1 30 2
2 30 0
t 1390 0
m 0 19
0 34 3
1 30 1
2 29 0
t 1389 0
m 0 18
0 34 2
1 30 0
2 28 0
t 1388 0
m 0 17
0 34 3
1 29 0
2 29 0
t 1387 0
m 0 16
0 34 2
1 28 0
2 28 0
t 1386 0
m 0 16
0 34 1
1 27 0
2 27 0
t 1385 0
m 0 15
0 34 2
1 28 0
2 26 0
t 1384 0
m 0 15
0 34 3
1 27 0
2 26 1
t 1383 0
m 0 16
0 34 2
1 26 0
2 25 1
t 1382 0
m 0 15
0 34 1
1 26 1
2 26 1
t 1381 0
m 0 14
0 34 0
1 26 2
2 26 2
t 1380 0
m 1 14
0 34 1
1 27 2
2 26 1
t 1379 0
m 1 14
0 34 0
1 26 2
2 26 2
t 1378 0
m 2 14
0 33 0
1 26 1
2 26 1
t 1377 0
m 1 14
0 32 0
1 26 2
2 26 2
t 1376 0
m 0 14
0 31 0
1 26 1
2 26 1
t 1375 0
m 1 14
0 32 0
1 26 2
2 25 1
t 1374 0
m 0 14
0 31 0
1 27 2
2 26 1
t 1373 0
m 0 13
0 30 0
1 26 2
2 26 2
t 1372 0
m 0 13
0 30 1
1 27 2
2 27 2
t 1371 0
m 0 12
0 30 0
1 28 2
2 28 2
t 1370 0
m 0 13
0 29 0
1 27 2
2 27 2
t 1369 0
m 0 12
0 28 0
1 26 2
2 28 2
t 1368 0
m 0 11
0 29 0
1 27 2
2 28 1
t 1367 0
m 0 10
0 28 0
1 26 2
2 28 2
t 1366 0
m 0 9
0 29 0
1 26 1
2 27 2
t 1365 0
m 1 9
0 30 0
1 25 1
2 26 2
t 1364 0
m 1 8
0 29 0
1 24 1
2 26 1
t 1363 6
m 1 8
0 28 0
1 25 1
2 26 2
t 1362 6
m 1 9
0 28 1
1 24 1
2 26 1
t 1361 6
m 1 8
0 28 2
1 23 1
2 26 0
t 1360 6
m 1 7
0 27 2
1 22 1
2 26 1
t 1359 6
m 1 6
0 26 2
1 22 0
2 25 1
t 1358 6
m 1 6
0 27 2
1 22 1
2 24 1
t 1357 6
m 1 5
0 26 2
1 23 1
2 25 1
t 1356 6
m 1 6
0 27 2
1 22 1
2 26 1
t 1355 6
m 1 5
0 26 2
1 22 0
2 25 1
t 1354 6
m 1 5
0 27 2
1 22 1
2 26 1
t 1353 6
m 1 6
0 28 2
1 23 1
2 25 1
t 1352 6
m 1 5
0 28 1
1 22 1
2 26 1
t 1351 6
m 1 5
0 28 0
1 23 1
2 25 1
t 1350 6
m 1 4
0 27 0
1 24 1
2 24 1
t 1349 6
m 0 4
0 26 0
1 25 1
2 25 1
t 1348 6
m 0 3
0 27 0
1 26 1
2 24 1
t 1347 6
m 0 2
0 28 0
1 26 0
2 23 1
t 1346 6
m 0 2
0 29 0
1 27 0
2 24 1
t 1345 6
m 0 2
0 30 0
1 26 0
2 23 1
t 1344 6
m 0 1
0 31 0
1 26 1
2 22 1
t 1343 16
m 0 2
0 32 0
1 25 1
2 23 1
t 1342 16
m 0 3
0 33 0
1 26 1
2 22 1
t 1341 16
m 0 3
0 32 0
1 26 2
2 22 0
t 1340 16
m 0 4
0 31 0
1 27 2
2 21 0
t 1339 16
m 0 3
0 32 0
1 26 2
2 20 0
t 1338 16
m 0 4
0 31 0
1 27 2
2 19 0
t 1337 16
m 1 4
0 32 0
1 28 2
2 19 1
t 1336 16
m 2 4
0 33 0
1 27 2
2 19 0
t 1335 16
m 2 4
0 32 0
1 26 2
2 20 0
t 1334 16
m 1 4
0 33 0
1 27 2
2 21 0
t 1333 16
m 0 4
0 32 0
1 28 2
2 22 0
f 34 12
t 1332 16
m 0 3
0 33 0
1 27 2
2 22 1
t 1331 16
m 0 3
0 32 0
1 28 2
2 23 1
t 1330 16
m 0 3
0 31 0
1 28 1
2 22 1
t 1329 16
m 0 2
0 32 0
1 28 0
2 22 0
t 1328 16
m 0 2
0 31 0
1 27 0
2 21 0
t 1327 16
m 0 1
0 30 0
1 28 0
2 20 0
t 1326 16
m 0 0
0 30 1
1 29 0
2 19 0
t 1325 23
m 0 0
0 30 0
1 28 0
2 20 0
t 1324 23
m 0 0
0 30 1
1 27 0
2 19 0
t 1323 23
m 0 0
0 30 0
1 28 0
2 20 0
t 1322 23
m 0 1
0 29 0
1 28 1
2 21 0
t 1321 23
m 0 0
0 28 0
1 28 0
2 22 0
t 1320 23
m 0 0
0 29 0
1 27 0
2 22 1
t 1319 23
m 0 0
0 28 0
1 28 0
2 22 0
t 1318 23
m 1 0
0 29 0
1 27 0
2 21 0
t 1317 23
m 0 0
0 28 0
1 26 0
2 22 0
t 1316 23
m 0 1
0 27 0
1 26 1
2 22 1
t 1315 23
m 0 2
0 26 0
1 26 2
2 22 0
t 1314 23
m 0 3
0 27 0
1 27 2
2 21 0
t 1313 23
m 0 3
0 26 0
1 26 2
2 20 0
t 1312 23
m 0 2
0 26 1
1 26 1
2 19 0
t 1311 23
m 0 3
0 26 2
1 26 0
2 19 1
t 1310 23
m 0 2
0 26 1
1 27 0
2 19 2
t 1309 23
m 0 2
0 26 2
1 28 0
2 19 3
t 1308 23
m 0 3
0 27 2
1 28 1
2 19 4
t 1307 23
m 0 3
0 26 2
1 28 0
2 19 5
t 1306 23
m 0 2
0 26 1
1 27 0
2 19 6
t 1305 23
m 0 1
0 25 1
1 28 0
2 20 6
t 1304 23
m 0 1
0 24 1
1 28 1
2 19 6
t 1303 23
m 0 0
0 25 1
1 28 2
2 20 6
t 1302 23
m 1 0
0 26 1
1 27 2
2 21 6
t 1301 23
m 0 0
0 26 2
1 28 2
2 20 6
t 1300 23
m 0 0
0 26 1
1 28 1
2 19 6
t 1299 23
m 1 0
0 25 1
1 28 0
2 19 5
t 1298 23
m 0 0
0 24 1
1 29 0
2 19 6
t 1297 23
m 1 0
0 23 1
1 30 0
2 18 6
t 1296 23
m 0 0
0 22 1
1 30 1
2 19 6
t 1295 23
m 0 1
0 22 0
1 30 0
2 20 6
t 1294 23
m 0 0
0 22 1
1 30 1
2 21 6
t 1293 23
m 1 0
0 23 1
1 30 2
2 20 6
t 1292 23
m 1 0
0 24 1
1 31 2
2 19 6
t 1291 23
m 2 0
0 23 1
1 30 2
2 20 6
t 1290 23
m 1 0
0 22 1
1 31 2
2 19 6
t 1289 23
m 2 0
0 22 0
1 32 2
2 20 6
t 1288 23
m 2 0
0 21 0
1 31 2
2 19 6
t 1287 23
m 2 0
0 20 0
1 32 2
2 18 6
t 1286 23
m 2 0
0 21 0
1 32 3
2 18 5
t 1285 23
m 1 0
0 22 0
1 32 4
2 17 5
t 1284 23
m 2 0
0 22 1
1 33 4
2 16 5
t 1283 23
m 1 0
0 22 0
1 32 4
2 15 5
t 1282 23
m 1 0
0 21 0
1 33 4
2 15 6
t 1281 23
m 2 0
0 22 0
1 34 4
2 14 6
t 1280 23
m 3 0
0 21 0
1 34 3
2 15 6
t 1279 23
m 4 0
0 22 0
1 34 2
2 15 5
t 1278 23
m 3 0
0 22 1
1 34 1
2 16 5
t 1277 23
m 2 0
0 23 1
1 34 2
2 16 6
t 1276 23
m 1 0
0 22 1
1 34 3
2 15 6
t 1275 23
m 1 0
0 23 1
1 34 2
2 15 5
t 1274 23
m 2 0
0 22 1
1 34 3
2 15 6
t 1273 23
m 1 0
0 22 0
1 34 4
2 15 5
t 1272 23
m 2 0
0 21 0
1 34 3
2 15 4
t 1271 23
m 1 0
0 20 0
1 34 4
2 15 5
t 1270 23
m 2 0
0 19 0
1 33 4
2 15 4
t 1269 23
m 3 0
0 20 0
1 33 5
2 15 3
t 1268 23
m 2 0
0 21 0
1 33 6
2 15 4
t 1267 23
m 2 0
0 22 0
1 33 7
2 15 5
t 1266 23
m 1 0
0 22 1
1 33 6
2 16 5
t 1265 23
m 0 0
0 23 1
1 33 5
2 15 5
t 1264 23
m 1 0
0 22 1
1 33 6
2 15 4
t 1263 23
m 0 0
0 22 0
1 33 5
2 15 5
t 1262 23
m 0 0
0 22 1
1 33 6
2 16 5
t 1261 23
m 0 0
0 23 1
1 33 7
2 17 5
t 1260 23
m 0 1
0 22 1
1 33 8
2 18 5
t 1259 23
m 0 0
0 23 1
1 33 7
2 19 5
t 1258 23
m 0 0
0 24 1
1 33 8
2 18 5
t 1257 23
m 0 1
0 25 1
1 33 7
2 17 5
t 1256 23
m 0 1
0 26 1
1 33 6
2 16 5
t 1255 23
m 0 2
0 26 2
1 33 7
2 17 5
t 1254 23
m 0 1
0 26 1
1 33 6
2 16 5
t 1253 23
m 0 0
0 26 2
1 33 5
2 15 5
t 1252 23
m 0 1
0 26 1
1 33 6
2 16 5
t 1251 23
m 0 2
0 25 1
1 33 5
2 15 5
t 1250 23
m 0 2
0 24 1
1 33 4
2 16 5
t 1249 23
m 0 2
0 23 1
1 33 5
2 16 6
t 1248 23
m 0 3
0 22 1
1 33 6
2 15 6
t 1247 23
m 0 4
0 23 1
1 33 7
2 15 5
t 1246 23
m 0 3
0 24 1
1 33 6
2 16 5
t 1245 23
m 0 3
0 25 1
1 33 7
2 17 5
t 1244 23
m 0 2
0 26 1
1 33 8
2 16 5
t 1243 23
m 0 1
0 26 2
1 33 9
2 16 6
t 1242 23
m 0 1
0 27 2
1 33 8
2 16 5
t 1241 23
m 0 1
0 26 2
1 33 9
2 15 5
t 1240 23
m 0 2
0 27 2
1 34 9
2 15 4
t 1239 23
m 0 2
0 28 2
1 34 10
2 15 3
t 1238 23
m 0 2
0 28 1
1 34 11
2 15 2
t 1237 23
m 0 3
0 28 0
1 34 12
2 15 1
t 1236 23
m 0 3
0 28 1
1 34 13
2 15 2
t 1235 23
m 0 3
0 28 2
1 34 12
2 15 1
t 1234 23
m 0 4
0 27 2
1 34 13
2 15 0
t 1233 23
m 0 4
0 28 2
1 34 12
2 14 0
t 1232 23
m 1 4
0 28 1
1 34 11
2 15 0
t 1231 23
m 2 4
0 28 0
1 34 10
2 16 0
t 1230 23
m 2 4
0 29 0
1 34 11
2 15 0
t 1229 23
m 2 4
0 28 0
1 34 12
2 15 1
t 1228 23
m 2 4
0 29 0
1 34 11
2 15 0
t 1227 23
m 2 4
0 30 0
1 34 10
2 16 0
t 1226 23
m 2 4
0 31 0
1 34 9
2 15 0
t 1225 23
m 2 3
0 32 0
1 34 10
2 16 0
t 1224 23
m 2 3
0 33 0
1 34 11
2 15 0
t 1223 23
m 2 3
0 32 0
1 34 10
2 16 0
t 1222 23
m 2 4
0 31 0
1 34 9
2 15 0
t 1221 23
m 1 4
0 32 0
1 34 10
2 16 0
t 1220 23
m 1 5
0 31 0
1 34 9
2 15 0
t 1219 23
m 1 5
0 30 0
1 33 9
2 15 1
t 1218 23
m 1 6
0 29 0
1 33 8
2 15 0
t 1217 23
m 1 6
0 28 0
1 33 9
2 16 0
t 1216 23
m 1 7
0 29 0
1 33 8
2 17 0
t 1215 23
m 1 8
0 28 0
1 33 7
2 16 0
t 1214 23
m 1 9
0 27 0
1 33 6
2 17 0
t 1213 23
m 0 9
0 26 0
1 33 5
2 16 0
t 1212 23
m 1 9
0 26 1
1 33 4
2 17 0
t 1211 23
m 2 9
0 26 0
1 33 5
2 16 0
t 1210 23
m 2 9
0 26 1
1 33 6
2 15 0
t 1209 23
m 2 10
0 26 0
1 33 5
2 14 0
t 1208 23
m 2 11
0 27 0
1 33 4
2 15 0
t 1207 23
m 2 10
0 26 0
1 34 4
2 16 0
t 1206 23
m 2 9
0 27 0
1 34 3
2 17 0
t 1205 23
m 2 10
0 26 0
1 34 2
2 18 0
t 1204 23
m 2 10
0 27 0
1 34 1
2 17 0
t 1203 23
m 2 11
0 26 0
1 34 0
2 16 0
t 1202 23
m 2 10
0 27 0
1 34 1
2 17 0
t 1201 23
m 2 10
0 26 0
1 34 0
2 16 0
t 1200 23
m 2 10
0 26 1
1 33 0
2 17 0
t 1199 23
m 2 9
0 25 1
1 34 0
2 16 0
t 1198 23
m 2 9
0 26 1
1 34 1
2 17 0
t 1197 23
m 2 10
0 26 0
1 34 0
2 16 0
t 1196 23
m 2 10
0 26 1
1 34 1
2 17 0
t 1195 23
m 2 10
0 26 0
1 34 2
2 18 0
t 1194 23
m 2 10
0 27 0
1 34 3
2 17 0
t 1193 23
m 2 10
0 26 0
1 34 2
2 18 0
t 1192 23
m 2 10
0 27 0
1 34 3
2 19 0
t 1191 23
m 2 10
0 26 0
1 34 2
2 18 0
t 1190 23
m 2 11
0 26 1
1 34 1
2 19 0
t 1189 23
m 2 12
0 26 2
1 34 2
2 20 0
t 1188 23
m 3 12
0 26 1
1 34 3
2 21 0
t 1187 23
m 3 12
0 25 1
1 34 4
2 20 0
t 1186 23
m 3 12
0 26 1
1 34 3
2 21 0
t 1185 23
m 2 12
0 26 0
1 34 4
2 22 0
t 1184 23
m 3 12
0 27 0
1 34 3
2 21 0
t 1183 23
m 2 12
0 26 0
1 34 4
2 22 0
t 1182 23
m 2 12
0 26 1
1 33 4
2 22 1
t 1181 23
m 2 11
0 25 1
1 32 4
2 22 0
t 1180 23
m 2 12
0 24 1
1 33 4
2 22 1
t 1179 23
m 2 12
0 23 1
1 34 4
2 23 1
t 1178 23
m 3 12
0 22 1
1 34 3
2 24 1
t 1177 23
m 2 12
0 23 1
1 34 2
2 23 1
t 1176 23
m 2 12
0 24 1
1 34 3
2 24 1
t 1175 23
m 3 12
0 25 1
1 34 4
2 23 1
t 1174 23
m 4 12
0 26 1
1 34 3
2 24 1
t 1173 23
m 4 13
0 25 1
1 34 2
2 23 1
t 1172 23
m 4 14
0 26 1
1 34 3
2 22 1
t 1171 23
m 4 13
0 26 0
1 34 2
2 22 0
t 1170 23
m 4 13
0 26 1
1 34 3
2 21 0
t 1169 23
m 4 13
0 26 0
1 34 2
2 20 0
t 1168 23
m 4 14
0 27 0
1 34 3
2 19 0
t 1167 23
m 4 14
0 26 0
1 34 2
2 18 0
t 1166 23
m 3 14
0 27 0
1 34 1
2 19 0
t 1165 23
m 3 15
0 26 0
1 34 0
2 18 0
t 1164 30
m 3 16
0 26 1
1 33 0
2 19 0
t 1163 30
m 3 16
0 26 0
1 32 0
2 20 0
t 1162 30
m 3 16
0 26 1
1 31 0
2 21 0
t 1161 30
m 3 16
0 25 1
1 30 0
2 20 0
t 1160 30
m 3 16
0 26 1
1 31 0
2 19 0
t 1159 30
m 4 16
0 25 1
1 32 0
2 19 1
t 1158 30
m 4 17
0 26 1
1 31 0
2 19 0
t 1157 30
m 4 16
0 25 1
1 30 0
2 20 0
t 1156 30
m 3 16
0 24 1
1 31 0
2 19 0
t 1155 30
m 3 16
0 25 1
1 30 0
2 19 1
t 1154 30
m 4 16
0 26 1
1 31 0
2 19 0
t 1153 30
m 4 17
0 26 2
1 32 0
2 19 1
t 1152 30
m 4 16
0 27 2
1 33 0
2 19 2
t 1151 30
m 3 16
0 26 2
1 34 0
2 19 3
t 1150 30
m 4 16
0 27 2
1 33 0
2 19 4
t 1149 30
m 4 17
0 28 2
1 32 0
2 19 3
t 1148 30
m 4 17
0 28 1
1 33 0
2 19 4
t 1147 30
m 5 17
0 28 0
1 34 0
2 19 3
t 1146 30
m 5 17
0 29 0
1 33 0
2 19 2
t 1145 30
m 4 17
0 30 0
1 32 0
2 19 1
t 1144 30
m 5 17
0 30 1
1 33 0
2 19 2
t 1143 30
m 6 17
0 30 0
1 34 0
2 19 1
t 1142 30
m 7 17
0 29 0
1 34 1
2 19 0
t 1141 30
m 7 17
0 28 0
1 34 0
2 20 0
t 1140 30
m 7 17
0 28 1
1 34 1
2 19 0
t 1139 30
m 8 17
0 28 0
1 34 0
2 18 0
t 1138 30
m 9 17
0 29 0
1 34 1
2 17 0
t 1137 36
m 9 17
0 28 0
1 34 0
2 18 0
t 1136 36
m 9 17
0 27 0
1 34 1
2 19 0
t 1135 36
m 9 17
0 26 0
1 34 2
2 20 0
t 1134 36
m 8 17
0 26 1
1 34 3
2 19 0
t 1133 36
m 7 17
0 25 1
1 34 4
2 19 1
t 1132 36
m 7 18
0 24 1
1 34 3
2 19 0
t 1131 36
m 7 18
0 23 1
1 34 2
2 18 0
t 1130 36
m 7 18
0 24 1
1 34 1
2 19 0
t 1129 36
m 7 18
0 25 1
1 34 2
2 20 0
t 1128 36
m 7 19
0 26 1
1 34 1
2 19 0
t 1127 36
m 7 19
0 26 2
1 34 2
2 19 1
t 1126 36
m 7 19
0 26 1
1 34 3
2 19 2
t 1125 36
m 7 18
0 25 1
1 34 4
2 19 1
t 1124 36
m 7 17
0 24 1
1 33 4
2 19 0
t 1123 36
m 7 18
0 23 1
1 33 5
2 20 0
t 1122 36
m 7 18
0 24 1
1 33 4
2 21 0
t 1121 36
m 7 18
0 25 1
1 33 5
2 22 0
t 1120 36
m 7 18
0 26 1
1 33 4
2 21 0
t 1119 36
m 7 18
0 26 0
1 33 5
2 20 0
t 1118 36
m 7 18
0 26 1
1 33 6
2 19 0
t 1117 36
m 7 18
0 26 0
1 33 5
2 20 0
t 1116 36
m 7 19
0 27 0
1 33 4
2 21 0
t 1115 36
m 7 19
0 28 0
1 34 4
2 22 0
t 1114 36
m 7 19
0 28 1
1 33 4
2 22 1
t 1113 36
m 6 19
0 28 2
1 33 5
2 22 0
t 1112 36
m 6 19
0 28 1
1 33 4
2 22 1
t 1111 36
m 6 19
0 28 2
1 34 4
2 22 0
t 1110 36
m 5 19
0 28 1
1 34 3
2 21 0
t 1109 36
m 5 19
0 28 0
1 34 4
2 20 0
t 1108 36
m 4 19
0 28 1
1 33 4
2 21 0
t 1107 36
m 4 19
0 28 0
1 32 4
2 20 0
t 1106 36
m 4 19
0 27 0
1 33 4
2 21 0
t 1105 36
m 4 18
0 28 0
1 33 5
2 20 0
t 1104 36
m 4 18
0 27 0
1 33 6
2 21 0
t 1103 36
m 4 17
0 26 0
1 33 5
2 20 0
t 1102 36
m 4 16
0 26 1
1 33 6
2 19 0
t 1101 36
m 3 16
0 26 0
1 33 5
2 18 0
t 1100 36
m 4 16
0 27 0
1 33 4
2 19 0
t 1099 36
m 4 16
0 26 0
1 32 4
2 20 0
t 1098 36
m 4 17
0 27 0
1 33 4
2 21 0
t 1097 36
m 4 16
0 28 0
1 32 4
2 22 0
t 1096 36
m 3 16
0 29 0
1 32 3
2 22 1
t 1095 36
m 2 16
0 28 0
1 32 2
2 22 0
t 1094 36
m 3 16
0 29 0
1 31 2
2 22 1
t 1093 36
m 2 16
0 30 0
1 30 2
2 23 1
t 1092 36
m 3 16
0 29 0
1 30 1
2 24 1
t 1091 36
m 3 15
0 30 0
1 30 2
2 25 1
t 1090 36
m 3 14
0 31 0
1 31 2
2 26 1
t 1089 36
m 3 15
0 32 0
1 32 2
2 25 1
t 1088 36
m 3 15
0 31 0
1 32 3
2 26 1
t 1087 36
m 3 14
0 32 0
1 32 2
2 25 1
t 1086 36
m 2 14
0 31 0
1 32 3
2 26 1
t 1085 36
m 2 14
0 32 0
1 32 4
2 25 1
t 1084 36
m 3 14
0 31 0
1 33 4
2 24 1
t 1083 36
m 4 14
0 30 0
1 32 4
2 23 1
t 1082 36
m 4 13
0 31 0
1 32 3
2 24 1
t 1081 36
m 4 12
0 32 0
1 32 2
2 25 1
t 1080 36
m 3 12
0 33 0
1 32 3
2 26 1
t 1079 36
m 4 12
0 32 0
1 32 4
2 25 1
t 1078 36
m 3 12
0 31 0
1 33 4
2 26 1
t 1077 36
m 4 12
0 32 0
1 34 4
2 26 0
t 1076 36
m 4 13
0 31 0
1 33 4
2 26 1
t 1075 36
m 5 13
0 32 0
1 34 4
2 25 1
t 1074 36
m 6 13
0 33 0
1 33 4
2 26 1
t 1073 43
m 6 13
0 34 0
1 32 4
2 26 0
t 1072 43
m 7 13
0 33 0
1 32 3
2 26 1
t 1071 43
m 6 13
0 32 0
1 32 4
2 26 0
t 1070 43
m 7 13
0 33 0
1 32 3
2 27 0
t 1069 43
m 7 13
0 32 0
1 32 4
2 28 0
t 1068 43
m 7 13
0 31 0
1 32 3
2 28 1
t 1067 43
m 7 13
0 30 0
1 32 4
2 28 0
t 1066 43
m 7 13
0 29 0
1 33 4
2 29 0
t 1065 43
m 6 13
0 30 0
1 34 4
2 28 0
t 1064 43
m 7 13
0 30 1
1 34 3
2 27 0
t 1063 43
m 6 13
0 30 2
1 34 4
2 26 0
t 1062 43
m 5 13
0 30 1
1 33 4
2 26 1
t 1061 43
m 5 13
0 30 2
1 32 4
2 26 2
t 1060 43
m 6 13
0 31 2
1 32 3
2 27 2
t 1059 43
m 5 13
0 30 2
1 32 4
2 26 2
t 1058 43
m 5 13
0 31 2
1 32 3
2 27 2
t 1057 43
m 4 13
0 32 2
1 32 2
2 28 2
t 1056 43
m 4 12
0 32 3
1 32 3
2 28 1
t 1055 43
m 4 12
0 32 2
1 32 2
2 28 0
t 1054 43
m 4 12
0 32 3
1 31 2
2 28 1
t 1053 43
m 4 12
0 32 2
1 30 2
2 28 0
t 1052 43
m 3 12
0 31 2
1 31 2
2 29 0
t 1051 43
m 4 12
0 30 2
1 32 2
2 30 0
t 1050 43
m 3 12
0 30 1
1 32 3
2 29 0
t 1049 43
m 4 12
0 30 0
1 32 2
2 28 0
t 1048 43
m 3 12
0 29 0
1 32 3
2 27 0
t 1047 43
m 4 12
0 30 0
1 32 2
2 26 0
t 1046 43
m 3 12
0 30 1
1 32 3
2 26 1
t 1045 43
m 4 12
0 30 2
1 32 2
2 25 1
t 1044 43
m 4 12
0 30 1
1 32 3
2 26 1
t 1043 43
m 4 13
0 30 2
1 32 4
2 26 0
t 1042 43
m 4 13
0 30 1
1 33 4
2 27 0
t 1041 43
m 4 14
0 30 2
1 34 4
2 28 0
t 1040 43
m 3 14
0 30 1
1 34 3
2 27 0
t 1039 43
m 2 14
0 30 2
1 34 4
2 26 0
t 1038 43
m 3 14
0 31 2
1 34 3
2 26 1
t 1037 43
m 3 15
0 30 2
1 34 4
2 26 0
t 1036 43
m 3 15
0 31 2
1 34 3
2 26 1
t 1035 43
m 3 14
0 32 2
1 34 2
2 26 0
t 1034 43
m 4 14
0 31 2
1 34 1
2 26 1
t 1033 43
m 4 14
0 30 2
1 34 2
2 26 0
t 1032 43
m 4 13
0 30 1
1 34 1
2 26 1
t 1031 43
m 4 12
0 30 2
1 34 2
2 26 0
t 1030 43
m 4 13
0 31 2
1 34 3
2 27 0
t 1029 43
m 4 14
0 32 2
1 34 2
2 28 0
t 1028 43
m 4 13
0 31 2
1 34 3
2 29 0
t 1027 43
m 4 13
0 32 2
1 34 2
2 30 0
t 1026 43
m 4 12
0 32 3
1 34 3
2 30 1
t 1025 43
m 4 13
0 32 2
1 34 4
2 30 0
t 1024 43
m 4 13
0 31 2
1 34 3
2 30 1
t 1023 43
m 4 13
0 30 2
1 34 2
2 30 2
t 1022 43
m 5 13
0 30 1
1 34 1
2 30 1
t 1021 43
m 4 13
0 30 2
1 34 2
2 30 0
t 1020 43
m 4 12
0 31 2
1 34 1
2 29 0
t 1019 43
m 3 12
0 32 2
1 34 0
2 28 0
t 1018 43
m 2 12
0 32 3
1 34 1
2 28 1
t 1017 43
m 2 11
0 32 4
1 34 2
2 28 0
t 1016 43
m 2 12
0 33 4
1 34 3
2 29 0
t 1015 43
m 3 12
0 32 4
1 34 2
2 30 0
t 1014 43
m 3 12
0 32 3
1 34 1
2 31 0
t 1013 43
m 3 12
0 32 2
1 34 2
2 30 0
t 1012 43
m 4 12
0 32 3
1 34 3
2 31 0
t 1011 43
m 4 13
0 32 4
1 34 4
2 32 0
t 1010 43
m 4 13
0 32 3
1 34 3
2 33 0
t 1009 43
m 4 12
0 32 2
1 34 4
2 32 0
t 1008 43
m 3 12
0 31 2
1 34 3
2 33 0
t 1007 43
m 3 12
0 32 2
1 34 2
2 34 0
t 1006 43
m 3 12
0 31 2
1 34 1
2 33 0
t 1005 43
m 4 12
0 32 2
1 34 2
2 32 0
t 1004 43
m 4 12
0 32 3
1 34 1
2 33 0
t 1003 43
m 4 13
0 32 2
1 34 2
2 34 0
t 1002 43
m 4 13
0 31 2
1 34 1
2 33 0
t 1001 43
m 4 14
0 32 2
1 34 2
2 34 0
t 1000 43
m 3 14
0 31 2
1 34 3
2 33 0
t 999 43
m 4 14
0 30 2
1 34 4
2 32 0
t 998 43
m 4 14
0 30 1
1 33 4
2 33 0
t 997 43
m 4 14
0 30 2
1 34 4
2 32 0
t 996 43
m 4 13
0 30 1
1 33 4
2 33 0
t 995 43
m 5 13
0 30 0
1 34 4
2 34 0
t 994 43
m 6 13
0 29 0
1 34 3
2 34 1
t 993 43
m 6 13
0 28 0
1 34 4
2 34 0
t 992 43
m 5 13
0 29 0
1 34 3
2 34 1
t 991 43
m 6 13
0 28 0
1 34 4
2 34 0
t 990 43
m 6 13
0 27 0
1 33 4
2 34 1
t 989 43
m 6 13
0 28 0
1 34 4
2 34 0
t 988 43
m 5 13
0 29 0
1 33 4
2 33 0
t 987 43
m 5 13
0 30 0
1 33 5
2 34 0
t 986 43
m 5 13
0 31 0
1 33 4
2 33 0
t 985 43
m 5 13
0 32 0
1 34 4
2 34 0
t 984 43
m 4 13
0 33 0
1 34 3
2 33 0
t 983 43
m 4 12
0 34 0
1 34 2
2 32 0
t 982 43
m 4 13
0 34 1
1 34 3
2 31 0
t 981 43
m 4 12
0 34 0
1 34 4
2 30 0
t 980 43
m 4 13
0 33 0
1 33 4
2 31 0
t 979 43
m 4 14
0 34 0
1 32 4
2 32 0
t 978 43
m 4 13
0 33 0
1 33 4
2 33 0
t 977 43
m 5 13
0 34 0
1 33 5
2 34 0
t 976 43
m 5 13
0 33 0
1 33 4
2 34 1
t 975 43
m 6 13
0 32 0
1 34 4
2 34 2
t 974 43
m 5 13
0 33 0
1 34 3
2 34 3
t 973 43
m 6 13
0 34 0
1 34 2
2 34 4
t 972 43
m 5 13
0 34 1
1 34 3
2 34 3
t 971 43
m 4 13
0 34 0
1 34 2
2 34 2
t 970 43
m 4 14
0 33 0
1 34 1
2 34 3
t 969 43
m 4 14
0 32 0
1 34 0
2 34 4
t 968 43
m 4 13
0 33 0
1 34 1
2 34 3
t 967 43
m 4 13
0 32 0
1 34 0
2 34 2
t 966 43
m 4 12
0 33 0
1 34 1
2 34 3
t 965 43
m 4 12
0 34 0
1 34 0
2 34 2
t 964 43
m 3 12
0 34 1
1 34 1
2 34 3
t 963 43
m 4 12
0 34 2
1 34 0
2 34 4
t 962 43
m 3 12
0 34 3
1 33 0
2 33 4
t 961 43
m 4 12
0 34 2
1 32 0
2 32 4
t 960 43
m 3 12
0 34 1
1 31 0
2 33 4
t 959 43
m 3 12
0 34 0
1 32 0
2 33 5
t 958 43
m 3 12
0 33 0
1 33 0
2 33 6
t 957 43
m 3 12
0 32 0
1 32 0
2 33 5
t 956 43
m 2 12
0 31 0
1 31 0
2 33 4
t 955 43
m 2 12
0 32 0
1 32 0
2 33 5
t 954 43
m 2 12
0 31 0
1 31 0
2 33 6
t 953 43
m 3 12
0 32 0
1 32 0
2 33 5
t 952 43
m 2 12
0 33 0
1 33 0
2 33 4
t 951 43
m 2 12
0 32 0
1 32 0
2 32 4
t 950 43
m 2 11
0 31 0
1 31 0
2 32 3
t 949 43
m 2 11
0 30 0
1 30 0
2 32 4
t 948 43
m 2 10
0 29 0
1 31 0
2 32 3
t 947 43
m 2 11
0 30 0
1 30 0
2 32 2
t 946 43
m 2 11
0 29 0
1 29 0
2 31 2
t 945 43
m 2 11
0 28 0
1 30 0
2 30 2
t 944 43
m 2 11
0 27 0
1 30 1
2 31 2
t 943 43
m 2 11
0 28 0
1 30 0
2 30 2
t 942 43
m 2 10
0 27 0
1 29 0
2 30 1
t 941 43
m 2 11
0 26 0
1 30 0
2 30 0
t 940 43
m 2 12
0 26 1
1 29 0
2 30 1
t 939 43
m 2 12
0 26 2
1 28 0
2 30 2
t 938 43
m 3 12
0 26 1
1 27 0
2 30 1
t 937 43
m 2 12
0 25 1
1 28 0
2 30 0
t 936 43
m 2 12
0 24 1
1 27 0
2 29 0
t 935 43
m 3 12
0 23 1
1 28 0
2 28 0
t 934 43
m 3 12
0 22 1
1 29 0
2 29 0
t 933 43
m 4 12
0 22 0
1 30 0
2 30 0
t 932 43
m 3 12
0 22 1
1 30 1
2 31 0
t 931 43
m 4 12
0 22 0
1 30 2
2 32 0
t 930 43
m 4 13
0 22 1
1 30 1
2 31 0
t 929 43
m 4 13
0 22 0
1 30 2
2 30 0
t 928 43
m 4 12
0 22 1
1 31 2
2 29 0
t 927 43
m 3 12
0 23 1
1 30 2
2 30 0
t 926 43
m 2 12
0 24 1
1 30 1
2 30 1
t 925 43
m 2 11
0 25 1
1 30 0
2 30 2
t 924 43
m 2 11
0 26 1
1 29 0
2 31 2
t 923 43
m 2 10
0 25 1
1 30 0
2 32 2
t 922 43
m 2 10
0 26 1
1 29 0
2 31 2
t 921 43
m 2 11
0 26 0
1 28 0
2 30 2
t 920 43
m 2 11
0 26 1
1 29 0
2 31 2
t 919 43
m 2 11
0 26 2
1 28 0
2 30 2
t 918 43
m 2 12
0 27 2
1 27 0
2 30 1
t 917 43
m 3 12
0 28 2
1 26 0
2 30 0
t 916 43
m 3 12
0 28 1
1 27 0
2 31 0
t 915 43
m 2 12
0 28 2
1 28 0
2 32 0
t 914 43
m 3 12
0 28 1
1 27 0
2 31 0
t 913 43
m 4 12
0 28 2
1 26 0
2 32 0
t 912 43
m 4 12
0 27 2
1 26 1
2 33 0
t 911 43
m 3 12
0 26 2
1 25 1
2 34 0
t 910 43
m 3 12
0 27 2
1 26 1
2 34 1
t 909 43
m 3 12
0 26 2
1 25 1
2 34 2
t 908 43
m 4 12
0 26 1
1 24 1
2 34 1
t 907 43
m 4 13
0 26 0
1 25 1
2 34 2
t 906 43
m 5 13
0 26 1
1 24 1
2 34 1
t 905 43
m 6 13
0 26 2
1 23 1
2 34 2
t 904 43
m 6 13
0 26 1
1 24 1
2 34 3
t 903 43
m 7 13
0 26 2
1 23 1
2 34 4
t 902 43
m 7 13
0 27 2
1 24 1
2 34 3
t 901 43
m 7 13
0 28 2
1 25 1
2 34 2
t 900 43
m 7 13
0 27 2
1 26 1
2 34 1
t 899 43
m 7 12
0 28 2
1 26 2
2 34 2
t 898 43
m 7 12
0 27 2
1 26 1
2 34 3
t 897 43
m 7 11
0 26 2
1 26 0
2 34 4
t 896 43
m 7 12
0 26 1
1 27 0
2 33 4
t 895 43
m 7 11
0 26 2
1 26 0
2 34 4
t 894 43
m 7 12
0 27 2
1 26 1
2 34 3
t 893 43
m 7 11
0 28 2
1 26 0
2 34 2
t 892 43
m 7 12
0 28 1
1 26 1
2 34 1
t 891 43
m 7 12
0 28 2
1 25 1
2 34 2
t 890 43
m 7 11
0 27 2
1 26 1
2 34 1
t 889 43
m 7 10
0 26 2
1 26 0
2 34 2
t 888 43
m 8 10
0 26 1
1 26 1
2 34 3
t 887 43
m 7 10
0 25 1
1 26 0
2 34 4
t 886 43
m 7 10
0 24 1
1 26 1
2 34 3
t 885 43
m 7 11
0 25 1
1 26 0
2 34 4
t 884 43
m 7 11
0 24 1
1 26 1
2 33 4
t 883 43
m 7 11
0 23 1
1 25 1
2 34 4
t 882 43
m 7 10
0 22 1
1 24 1
2 34 3
t 881 43
m 7 11
0 23 1
1 25 1
2 34 2
t 880 43
m 7 12
0 24 1
1 24 1
2 34 1
t 879 43
m 7 11
0 25 1
1 25 1
2 34 2
t 878 43
m 7 10
0 24 1
1 24 1
2 34 1
t 877 43
m 7 11
0 23 1
1 23 1
2 34 0
t 876 43
m 7 12
0 22 1
1 22 1
2 33 0
t 875 43
m 7 11
0 23 1
1 22 0
2 32 0
t 874 43
m 7 11
0 22 1
1 21 0
2 31 0
t 873 43
m 7 10
0 22 0
1 20 0
2 30 0
t 872 43
m 8 10
0 22 1
1 19 0
2 30 1
t 871 43
m 9 10
0 23 1
1 18 0
2 30 0
t 870 43
m 8 10
0 22 1
1 17 0
2 31 0
t 869 43
m 9 10
0 23 1
1 16 0
2 30 0
t 868 43
m 9 10
0 22 1
1 17 0
2 30 1
t 867 43
m 10 10
0 22 0
1 16 0
2 30 2
t 866 43
m 11 10
0 21 0
1 15 0
2 31 2
t 865 43
m 11 10
0 20 0
1 14 0
2 30 2
t 864 43
m 12 10
0 21 0
1 15 0
2 31 2
t 863 43
m 13 10
0 22 0
1 16 0
2 30 2
t 862 43
m 13 11
0 21 0
1 15 0
2 30 1
t 861 50
m 13 12
0 20 0
1 15 1
2 30 0
t 860 50
m 13 11
0 19 0
1 15 0
2 29 0
t 859 50
m 13 12
0 18 0
1 16 0
2 30 0
t 858 50
m 14 12
0 17 0
1 15 0
2 29 0
t 857 50
m 13 12
0 16 0
1 14 0
2 30 0
t 856 50
m 13 12
0 15 0
1 13 0
2 29 0
t 855 50
m 13 11
0 15 1
1 12 0
2 30 0
t 854 50
m 13 11
0 15 0
1 13 0
2 30 1
t 853 50
m 13 12
0 14 0
1 14 0
2 30 2
t 852 50
m 14 12
0 15 0
1 15 0
2 31 2
t 851 50
m 14 12
0 16 0
1 16 0
2 30 2
t 850 50
m 14 12
0 17 0
1 17 0
2 30 1
t 849 50
m 13 12
0 16 0
1 16 0
2 30 0
t 848 50
m 14 12
0 17 0
1 17 0
2 30 1
t 847 50
m 15 12
0 18 0
1 16 0
2 30 2
t 846 50
m 16 12
0 17 0
1 15 0
2 31 2
t 845 50
m 16 11
0 18 0
1 16 0
2 30 2
t 844 50
m 16 11
0 17 0
1 15 0
2 31 2
t 843 50
m 16 10
0 16 0
1 15 1
2 32 2
t 842 50
m 16 9
0 17 0
1 15 2
2 31 2
t 841 50
m 16 9
0 16 0
1 15 1
2 32 2
t 840 50
m 16 9
0 15 0
1 15 0
2 31 2
t 839 50
m 16 9
0 16 0
1 14 0
2 30 2
t 838 50
m 16 8
0 15 0
1 13 0
2 30 1
t 837 50
m 16 7
0 16 0
1 12 0
2 30 0
t 836 50
m 16 6
0 15 0
1 12 1
2 30 1
t 835 50
m 15 6
0 15 1
1 12 0
2 30 0
t 834 56
m 15 5
0 15 0
1 13 0
2 31 0
t 833 56
m 16 5
0 15 1
1 14 0
2 32 0
t 832 56
m 16 5
0 15 2
1 15 0
2 31 0
t 831 56
m 17 5
0 15 1
1 15 1
2 32 0
t 830 56
m 18 5
0 15 2
1 15 2
2 33 0
t 829 56
m 18 5
0 15 3
1 15 1
2 34 0
t 828 56
m 18 6
0 15 4
1 15 2
2 34 1
t 827 56
m 19 6
0 15 3
1 15 1
2 34 0
t 826 63
m 20 6
0 15 4
1 15 0
2 34 1
t 825 63
m 21 6
0 15 5
1 14 0
2 34 2
t 824 63
m 21 6
0 16 5
1 15 0
2 34 1
t 823 63
m 22 6
0 16 6
1 15 1
2 34 0
t 822 63
m 22 6
0 15 6
1 15 0
2 34 1
t 821 63
m 21 6
0 16 6
1 16 0
2 34 2
t 820 63
m 22 6
0 16 5
1 15 0
2 34 3
t 819 63
m 22 6
0 16 6
1 14 0
2 34 4
t 818 63
m 22 7
0 16 7
1 13 0
2 33 4
t 817 63
m 22 6
0 16 8
1 12 0
2 32 4
t 816 63
m 22 7
0 16 7
1 13 0
2 32 3
t 815 63
m 22 7
0 16 6
1 12 0
2 32 4
t 814 63
m 22 7
0 15 6
1 12 1
2 33 4
t 813 63
m 22 8
0 15 5
1 11 1
2 34 4
t 812 63
m 22 8
0 15 6
1 10 1
2 33 4
t 811 63
m 22 8
0 15 5
1 11 1
2 33 5
t 810 63
m 22 9
0 15 6
1 12 1
2 33 6
t 809 63
m 22 10
0 16 6
1 12 0
2 33 5
t 808 63
m 22 10
0 16 7
1 12 1
2 33 4
t 807 63
m 22 10
0 16 8
1 12 0
2 32 4
t 806 63
m 22 10
0 16 9
1 12 1
2 33 4
t 805 63
m 22 10
0 16 8
1 12 0
2 32 4
t 804 63
m 21 10
0 16 9
1 12 1
2 32 3
t 803 63
m 21 10
0 16 8
1 11 1
2 32 2
t 802 63
m 21 11
0 16 7
1 12 1
2 32 3
t 801 63
m 21 12
0 16 6
1 11 1
2 32 4
t 800 63
m 21 13
0 16 7
1 12 1
2 32 3
t 799 70
m 21 12
0 16 8
1 12 0
2 32 4
t 798 70
m 20 12
0 16 9
1 13 0
2 32 3
t 797 70
m 21 12
0 16 10
1 14 0
2 32 4
t 796 70
m 21 11
0 15 10
1 15 0
2 32 3
t 795 70
m 21 11
0 16 10
1 14 0
2 32 2
t 794 70
m 21 12
0 15 10
1 13 0
2 32 3
t 793 70
m 21 13
0 16 10
1 12 0
2 32 2
t 792 70
m 21 14
0 15 10
1 13 0
2 32 3
t 791 70
m 21 13
0 14 10
1 14 0
2 32 4
t 790 70
m 21 13
0 15 10
1 15 0
2 33 4
t 789 70
m 21 12
0 14 10
1 16 0
2 32 4
t 788 70
m 20 12
0 13 10
1 17 0
2 33 4
t 787 70
m 20 12
0 14 10
1 18 0
2 32 4
t 786 70
m 19 12
0 13 10
1 19 0
2 33 4
t 785 70
m 20 12
0 14 10
1 19 1
2 32 4
t 784 70
m 20 12
0 15 10
1 19 0
2 33 4
t 783 70
m 20 12
0 16 10
1 20 0
2 32 4
t 782 70
m 19 12
0 16 9
1 19 0
2 32 3
t 781 70
m 19 12
0 16 10
1 20 0
2 32 4
t 780 70
m 20 12
0 16 9
1 19 0
2 32 3
t 779 70
m 19 12
0 16 10
1 18 0
2 32 4
t 778 70
m 20 12
0 16 11
1 17 0
2 33 4
t 777 70
m 20 12
0 16 10
1 16 0
2 33 5
t 776 70
m 20 12
0 16 11
1 17 0
2 33 6
t 775 70
m 20 12
0 16 12
1 16 0
2 33 5
t 774 70
m 20 12
0 15 12
1 17 0
2 33 4
t 773 70
m 19 12
0 16 12
1 18 0
2 33 5
t 772 70
m 19 13
0 16 11
1 19 0
2 33 6
t 771 70
m 19 13
0 16 12
1 20 0
2 33 5
t 770 70
m 19 14
0 16 11
1 19 0
2 33 6
t 769 70
m 19 15
0 16 12
1 19 1
2 33 5
t 768 70
m 19 14
0 17 12
1 19 0
2 33 6
t 767 70
m 19 14
0 16 12
1 19 1
2 33 7
t 766 70
m 19 13
0 16 11
1 19 2
2 33 6
t 765 70
m 19 12
0 16 12
1 19 1
2 33 5
t 764 70
m 19 13
0 16 11
1 19 2
2 33 6
t 763 70
m 19 14
0 16 12
1 19 1
2 33 7
t 762 70
m 19 13
0 16 11
1 19 2
2 33 6
t 761 70
m 19 14
0 16 10
1 19 1
2 33 7
t 760 70
m 19 14
0 15 10
1 19 2
2 33 6
t 759 70
m 19 13
0 16 10
1 19 1
2 33 5
t 758 70
m 19 13
0 16 11
1 19 2
2 33 4
t 757 70
m 19 13
0 16 12
1 19 3
2 32 4
t 756 70
m 19 14
0 15 12
1 19 2
2 33 4
t 755 70
m 19 15
0 15 13
1 19 1
2 34 4
t 754 70
m 19 15
0 15 14
1 19 0
2 33 4
t 753 70
m 19 14
0 15 13
1 18 0
2 34 4
t 752 70
m 19 15
0 15 14
1 17 0
2 34 3
t 751 70
m 19 15
0 15 15
1 16 0
2 34 2
t 750 70
m 19 16
0 15 14
1 15 0
2 34 3
t 749 70
m 18 16
0 15 13
1 16 0
2 34 4
t 748 70
m 17 16
0 15 12
1 17 0
2 33 4
t 747 70
m 18 16
0 16 12
1 16 0
2 32 4
t 746 70
m 18 16
0 17 12
1 15 0
2 32 3
t 745 70
m 17 16
0 16 12
1 14 0
2 32 2
t 744 70
m 16 16
0 15 12
1 13 0
2 31 2
t 743 70
m 17 16
0 15 13
1 14 0
2 32 2
t 742 70
m 18 16
0 15 14
1 13 0
2 31 2
t 741 70
m 17 16
0 15 15
1 12 0
2 30 2
t 740 70
m 17 16
0 15 16
1 12 1
2 31 2
t 739 70
m 18 16
0 15 15
1 12 0
2 32 2
t 738 70
m 19 16
0 15 16
1 13 0
2 32 3
t 737 70
m 19 16
0 15 15
1 14 0
2 32 2
t 736 70
m 18 16
0 15 14
1 15 0
2 32 3
t 735 70
m 17 16
0 15 15
1 14 0
2 32 2
t 734 70
m 16 16
0 15 14
1 15 0
2 32 3
t 733 70
m 16 16
0 15 13
1 15 1
2 32 4
t 732 70
m 17 16
0 15 14
1 15 2
2 33 4
t 731 70
m 18 16
0 15 13
1 15 1
2 32 4
t 730 70
m 19 16
0 15 14
1 15 2
2 33 4
t 729 70
m 19 17
0 15 13
1 15 3
2 33 5
t 728 70
m 19 18
0 15 12
1 15 4
2 33 4
t 727 70
m 19 18
0 15 13
1 15 3
2 33 5
t 726 70
m 19 18
0 15 12
1 15 4
2 33 6
t 725 70
m 19 18
0 15 13
1 15 5
2 33 5
t 724 70
m 19 18
0 15 14
1 15 6
2 33 6
t 723 70
m 19 17
0 15 13
1 15 5
2 33 5
t 722 70
m 19 17
0 15 14
1 16 5
2 33 6
t 721 70
m 19 16
0 15 13
1 15 5
2 33 5
t 720 70
m 19 17
0 15 12
1 15 6
2 33 6
t 719 70
m 19 17
0 15 13
1 16 6
2 33 5
t 718 70
m 19 16
0 15 14
1 15 6
2 33 4
t 717 70
m 19 16
0 15 15
1 14 6
2 32 4
t 716 70
m 19 16
0 15 16
1 13 6
2 32 3
t 715 70
m 19 17
0 15 17
1 12 6
2 32 4
t 714 70
m 19 18
0 15 16
1 12 7
2 32 3
t 713 70
m 19 19
0 15 15
1 12 6
2 32 4
t 712 70
m 19 18
0 15 14
1 12 7
2 33 4
t 711 70
m 19 19
0 15 13
1 12 8
2 33 5
t 710 70
m 20 19
0 15 12
1 12 7
2 33 6
t 709 70
m 21 19
0 16 12
1 12 8
2 33 5
t 708 70
m 21 18
0 15 12
1 12 9
2 33 6
t 707 70
m 21 19
0 16 12
1 12 10
2 33 7
t 706 70
m 22 19
0 16 11
1 13 10
2 33 6
t 705 70
m 23 19
0 16 12
1 12 10
2 33 7
t 704 70
m 24 19
0 17 12
1 11 10
2 33 8
t 703 76
m 25 19
0 18 12
1 12 10
2 33 9
t 702 76
m 26 19
0 17 12
1 13 10
2 32 9
t 701 76
m 27 19
0 18 12
1 14 10
2 33 9
t 700 83
m 28 19
0 18 11
1 13 10
2 34 9
t 699 83
m 29 19
0 18 10
1 12 10
2 34 10
t 698 83
m 30 19
0 18 11
1 13 10
2 34 9
t 697 90
m 30 19
0 18 10
1 12 10
2 34 10
t 696 90
m 30 18
0 18 11
1 13 10
2 34 9
t 695 90
m 30 17
0 18 12
1 14 10
2 33 9
t 694 90
m 29 17
0 19 12
1 15 10
2 32 9
t 693 90
m 30 17
0 18 12
1 14 10
2 33 9
t 692 90
m 30 16
0 19 12
1 15 10
2 34 9
t 691 90
m 30 17
0 18 12
1 14 10
2 34 10
t 690 90
m 30 16
0 19 12
1 13 10
2 34 9
t 689 90
m 31 16
0 19 13
1 13 11
2 33 9
t 688 90
m 32 16
0 19 12
1 13 10
2 32 9
t 687 90
m 33 16
0 20 12
1 13 11
2 32 10
t 686 90
m 34 16
0 21 12
1 13 10
2 32 11
t 685 96
m 34 15
0 21 13
1 13 11
2 32 12
t 684 96
m 34 14
0 21 14
1 13 10
2 32 11
t 683 96
m 34 13
0 21 15
1 14 10
2 32 10
t 682 96
m 34 13
0 21 14
1 13 10
2 32 11
t 681 96
m 34 12
0 21 15
1 12 10
2 32 12
t 680 106
m 34 12
0 21 16
1 11 10
2 32 11
t 679 106
m 34 11
0 21 17
1 10 10
2 32 12
t 678 106
m 34 10
0 21 16
1 9 10
2 31 12
t 677 106
m 34 9
0 21 17
1 10 10
2 32 12
t 676 106
m 34 9
0 21 18
1 11 10
2 31 12
t 675 106
m 34 9
0 21 17
1 10 10
2 32 12
t 674 106
m 34 9
0 21 18
1 9 10
2 32 11
f 6 1
t 673 106
m 34 9
0 21 19
1 10 10
2 32 10
t 672 106
m 33 9
0 22 19
1 11 10
2 32 9
t 671 106
m 33 8
0 23 19
1 10 10
2 33 9
t 670 106
m 33 8
0 24 19
1 9 10
2 32 9
t 669 106
m 33 7
0 23 19
1 10 10
2 32 10
t 668 106
m 33 6
0 22 19
1 9 10
2 32 11
t 667 106
m 33 5
0 23 19
1 8 10
2 32 12
t 666 106
m 33 4
0 24 19
1 9 10
2 32 11
t 665 113
m 32 4
0 23 19
1 8 10
2 32 10
t 664 113
m 32 4
0 24 19
1 9 10
2 32 11
t 663 113
m 32 4
0 23 19
1 8 10
2 32 10
t 662 113
m 32 4
0 24 19
1 7 10
2 32 11
t 661 113
m 32 4
0 23 19
1 8 10
2 32 10
t 660 113
m 32 3
0 22 19
1 7 10
2 32 9
t 659 113
m 32 3
0 21 19
1 7 11
2 33 9
t 658 113
m 32 2
0 21 18
1 7 12
2 34 9
t 657 113
m 31 2
0 21 19
1 7 11
2 34 10
t 656 113
m 32 2
0 20 19
1 7 10
2 34 9
t 655 113
m 32 3
0 19 19
1 8 10
2 34 10
t 654 113
m 32 3
0 19 18
1 9 10
2 34 11
t 653 113
m 32 3
0 19 17
1 10 10
2 34 12
t 652 113
m 32 2
0 19 16
1 11 10
2 34 13
t 651 113
m 32 3
0 19 15
1 10 10
2 34 14
t 650 113
m 32 2
0 19 14
1 11 10
2 33 14
t 649 113
m 31 2
0 19 13
1 12 10
2 32 14
t 648 113
m 32 2
0 19 12
1 13 10
2 31 14
t 647 113
m 31 2
0 18 12
1 13 11
2 31 15
t 646 113
m 30 2
0 19 12
1 13 12
2 31 16
t 645 113
m 30 1
0 19 13
1 13 13
2 31 15
t 644 113
m 30 2
0 19 12
1 13 14
2 31 16
t 643 113
m 31 2
0 20 12
1 13 15
2 32 16
t 642 113
m 32 2
0 19 12
1 13 14
2 31 16
t 641 113
m 32 3
0 18 12
1 13 13
2 30 16
t 640 113
m 32 4
0 18 11
1 13 14
2 31 16
t 639 113
m 33 4
0 18 12
1 13 13
2 30 16
t 638 113
m 33 4
0 18 11
1 13 12
2 31 16
t 637 113
m 33 4
0 18 12
1 13 13
2 30 16
t 636 113
m 33 4
0 18 11
1 13 14
2 30 17
t 635 113
m 34 4
0 18 12
1 13 13
2 30 16
t 634 113
m 34 3
0 17 12
1 13 14
2 30 17
t 633 113
m 34 2
0 16 12
1 13 15
2 29 17
t 632 113
m 34 2
0 15 12
1 13 14
2 30 17
t 631 113
m 34 3
0 15 13
1 13 13
2 30 16
t 630 113
m 34 4
0 15 14
1 13 12
2 31 16
t 629 113
m 34 3
0 15 13
1 14 12
2 31 15
t 628 113
m 34 3
0 15 12
1 15 12
2 31 14
t 627 113
m 34 2
0 14 12
1 14 12
2 30 14
t 626 113
m 34 1
0 15 12
1 15 12
2 31 14
t 625 113
m 34 0
0 14 12
1 15 13
2 30 14
t 624 113
m 33 0
0 15 12
1 15 12
2 31 14
t 623 113
m 33 0
0 15 13
1 16 12
2 31 15
t 622 113
m 34 0
0 15 12
1 15 12
2 31 16
t 621 113
m 33 0
0 16 12
1 15 13
2 32 16
t 620 113
m 32 0
0 16 11
1 15 14
2 31 16
t 619 113
m 32 0
0 16 10
1 15 15
2 31 15
t 618 113
m 31 0
0 16 11
1 15 16
2 31 14
t 617 113
m 30 0
0 16 10
1 15 15
2 32 14
t 616 113
m 29 0
0 15 10
1 15 14
2 31 14
t 615 113
m 30 0
0 16 10
1 15 13
2 31 15
t 614 113
m 29 0
0 16 9
1 15 14
2 31 14
t 613 113
m 29 0
0 16 8
1 15 15
2 31 15
t 612 113
m 28 0
0 16 9
1 15 16
2 31 16
t 611 113
m 28 1
0 16 8
1 15 15
2 30 16
t 610 113
m 28 2
0 16 7
1 15 16
2 30 17
t 609 113
m 27 2
0 16 8
1 16 16
2 30 18
t 608 113
m 26 2
0 16 7
1 15 16
2 30 17
t 607 113
m 27 2
0 16 8
1 15 17
2 30 18
t 606 113
m 26 2
0 16 7
1 15 16
2 30 19
t 605 113
m 27 2
0 16 6
1 16 16
2 30 18
t 604 113
m 27 2
0 15 6
1 17 16
2 30 17
t 603 113
m 26 2
0 15 5
1 18 16
2 30 18
t 602 113
m 26 1
0 16 5
1 17 16
2 30 19
t 601 113
m 26 0
0 15 5
1 18 16
2 31 19
t 600 113
m 26 0
0 15 4
1 17 16
2 30 19
t 599 113
m 26 0
0 15 3
1 18 16
2 31 19
t 598 113
m 27 0
0 15 2
1 17 16
2 30 19
t 597 113
m 26 0
0 15 3
1 18 16
2 29 19
t 596 113
m 26 0
0 15 2
1 17 16
2 28 19
t 595 113
m 26 0
0 15 3
1 18 16
2 27 19
t 594 113
m 26 1
0 15 2
1 17 16
2 28 19
t 593 113
m 26 0
0 15 1
1 16 16
2 29 19
t 592 113
m 26 1
0 15 0
1 15 16
2 30 19
t 591 113
m 26 1
0 15 1
1 16 16
2 30 18
t 590 113
m 26 1
0 15 0
1 17 16
2 30 19
t 589 113
m 25 1
0 16 0
1 16 16
2 30 18
t 588 113
m 25 1
0 17 0
1 17 16
2 30 19
t 587 113
m 25 1
0 18 0
1 18 16
2 29 19
t 586 113
m 24 1
0 17 0
1 17 16
2 28 19
t 585 113
m 24 1
0 18 0
1 16 16
2 29 19
t 584 113
m 25 1
0 19 0
1 15 16
2 30 19
t 583 113
m 26 1
0 19 1
1 15 17
2 30 18
t 582 113
m 25 1
0 19 2
1 15 18
2 30 19
t 581 113
m 25 1
0 19 3
1 15 19
2 30 18
t 580 113
m 25 1
0 19 2
1 15 18
2 30 19
t 579 113
m 25 1
0 19 1
1 15 19
2 30 18
t 578 113
m 24 1
0 19 2
1 15 18
2 30 19
t 577 113
m 24 1
0 19 3
1 15 19
2 29 19
t 576 113
m 23 1
0 19 4
1 15 18
2 30 19
t 575 113
m 24 1
0 19 3
1 15 17
2 31 19
t 574 113
m 23 1
0 19 4
1 15 18
2 30 19
t 573 113
m 22 1
0 19 5
1 15 19
2 31 19
t 572 113
m 22 0
0 18 5
1 15 18
2 30 19
t 571 113
m 21 0
0 18 6
1 15 17
2 31 19
t 570 113
m 21 0
0 18 5
1 15 16
2 32 19
t 569 113
m 21 0
0 18 6
1 15 15
2 33 19
t 568 113
m 20 0
0 18 7
1 15 16
2 32 19
t 567 113
m 19 0
0 18 6
1 15 15
2 33 19
t 566 113
m 19 0
0 19 6
1 15 16
2 32 19
t 565 113
m 18 0
0 18 6
1 15 15
2 31 19
t 564 113
m 17 0
0 18 5
1 15 16
2 32 19
t 563 160
