35
20
m 0 19
m0 0 19
m1 0 19
m2 0 19
0 34 0
1 34 0
2 34 0
w 0 5
w 0 6
w 0 7
w 0 8
w 1 1
w 1 2
w 1 3
w 1 10
w 1 11
w 1 12
w 1 13
w 1 15
w 1 17
w 1 18
w 2 1
w 2 5
w 2 6
w 2 7
w 2 8
w 2 13
w 2 15
w 2 17
w 2 18
w 3 1
w 3 3
w 3 4
w 3 5
w 3 6
w 3 7
w 3 8
w 3 9
w 3 10
w 3 11
w 3 13
w 3 17
w 3 18
w 4 3
w 4 4
w 4 5
w 4 6
w 4 7
w 4 8
w 4 9
w 4 10
w 4 11
w 4 15
w 5 1
w 5 2
w 5 3
w 5 4
w 5 5
w 5 6
w 5 7
w 5 8
w 5 9
w 5 10
w 5 11
w 5 12
w 5 14
w 5 15
w 5 16
w 5 18
w 6 3
w 6 4
w 6 5
w 6 6
w 6 7
w 6 8
w 6 9
w 6 10
w 6 11
w 6 12
w 6 14
w 6 15
w 6 16
w 6 18
w 7 1
w 7 3
w 7 4
w 7 5
w 7 6
w 7 7
w 7 8
w 7 9
w 7 14
w 7 15
w 7 16
w 8 3
w 8 4
w 8 5
w 8 6
w 8 7
w 8 8
w 8 9
w 8 11
w 8 12
w 8 13
w 8 14
w 8 15
w 8 16
w 8 18
w 9 0
w 9 2
w 9 3
w 9 4
w 9 5
w 9 6
w 9 7
w 9 8
w 9 9
w 9 11
w 9 12
w 9 13
w 9 14
w 9 15
w 9 16
w 10 0
w 10 2
w 10 3
w 10 4
w 10 5
w 10 6
w 10 7
w 10 8
w 10 9
w 10 11
w 10 12
w 10 13
w 10 14
w 10 15
w 10 16
w 10 17
w 10 18
w 11 0
w 11 2
w 11 3
w 11 4
w 11 5
w 11 6
w 11 7
w 11 8
w 11 9
w 11 11
w 11 12
w 11 13
w 11 14
w 11 15
w 11 16
w 11 17
w 11 18
w 12 2
w 12 3
w 12 4
w 12 5
w 12 11
w 12 12
w 12 13
w 12 14
w 12 15
w 12 16
w 12 17
w 12 18
w 13 1
w 13 2
w 13 3
w 13 4
w 13 5
w 13 7
w 13 8
w 13 9
w 14 1
w 14 2
w 14 3
w 14 4
w 14 5
w 14 7
w 14 8
w 14 9
w 14 11
w 14 13
w 14 14
w 14 15
w 14 16
w 14 17
w 14 18
w 15 7
w 15 8
w 15 9
w 15 11
w 16 1
w 16 2
w 16 3
w 16 4
w 16 13
w 16 14
w 16 15
w 16 17
w 16 18
w 16 19
w 17 1
w 17 2
w 17 3
w 17 4
w 17 6
w 17 7
w 17 8
w 17 9
w 17 10
w 17 11
w 17 13
w 17 14
w 17 15
w 17 17
w 17 18
w 17 19
w 18 1
w 18 2
w 18 3
w 18 4
w 18 13
w 18 14
w 18 15
w 18 17
w 18 18
w 18 19
w 19 7
w 19 8
w 19 9
w 19 11
w 20 1
w 20 2
w 20 3
w 20 4
w 20 5
w 20 7
w 20 8
w 20 9
w 20 11
w 20 13
w 20 14
w 20 15
w 20 16
w 20 17
w 20 18
w 21 1
w 21 2
w 21 3
w 21 4
w 21 5
w 21 7
w 21 8
w 21 9
w 22 2
w 22 3
w 22 4
w 22 5
w 22 11
w 22 12
w 22 13
w 22 14
w 22 15
w 22 16
w 22 17
w 22 18
w 23 0
w 23 2
w 23 3
w 23 4
w 23 5
w 23 6
w 23 7
w 23 8
w 23 9
w 23 11
w 23 12
w 23 13
w 23 14
w 23 15
w 23 16
w 23 17
w 23 18
w 24 0
w 24 2
w 24 3
w 24 4
w 24 5
w 24 6
w 24 7
w 24 8
w 24 9
w 24 11
w 24 12
w 24 13
w 24 14
w 24 15
w 24 16
w 24 17
w 24 18
w 25 0
w 25 2
w 25 3
w 25 4
w 25 5
w 25 6
w 25 7
w 25 8
w 25 9
w 25 11
w 25 12
w 25 13
w 25 14
w 25 15
w 25 16
w 26 3
w 26 4
w 26 5
w 26 6
w 26 7
w 26 8
w 26 9
w 26 11
w 26 12
w 26 13
w 26 14
w 26 15
w 26 16
w 26 18
w 27 1
w 27 3
w 27 4
w 27 5
w 27 6
w 27 7
w 27 8
w 27 9
w 27 14
w 27 15
w 27 16
w 28 3
w 28 4
w 28 5
w 28 6
w 28 7
w 28 8
w 28 9
w 28 10
w 28 11
w 28 12
w 28 14
w 28 15
w 28 16
w 28 18
w 29 1
w 29 2
w 29 3
w 29 4
w 29 5
w 29 6
w 29 7
w 29 8
w 29 9
w 29 10
w 29 11
w 29 12
w 29 14
w 29 15
w 29 16
w 29 18
w 30 3
w 30 4
w 30 5
w 30 6
w 30 7
w 30 8
w 30 9
w 30 10
w 30 11
w 30 15
w 31 1
w 31 3
w 31 4
w 31 5
w 31 6
w 31 7
w 31 8
w 31 9
w 31 10
w 31 11
w 31 13
w 31 17
w 31 18
w 32 1
w 32 5
w 32 6
w 32 7
w 32 8
w 32 13
w 32 15
w 32 17
w 32 18
w 33 1
w 33 2
w 33 3
w 33 10
w 33 11
w 33 12
w 33 13
w 33 15
w 33 17
w 33 18
w 34 5
w 34 6
w 34 7
w 34 8
p 0 0
p 21 13
p 17 0
p 34 16
p 1 8
p 19 6
p 24 19
p 30 19
p 6 13
p 15 6
p 27 19
p 9 17
p 3 15
p 13 11
p 33 4
t 1400 0
m 1 19
m0 0 19
m1 1 19
m2 0 18
0 34 1
1 34 1
2 34 1
t 1399 0
m 2 19
m0 1 19
m1 2 19
m2 0 19
0 34 2
1 34 2
2 34 2
t 1398 0
m 3 19
m0 1 19
m1 1 19
m2 0 19
0 34 3
1 34 3
2 34 3
f 19 2
t 1397 0
m 3 19
m0 2 19
m1 1 19
m2 1 19
0 34 4
1 34 4
2 34 4
t 1396 0
m 2 19
m0 3 19
m1 2 19
m2 2 19
0 33 4
1 33 4
2 33 4
t 1395 0
m 1 19
m0 3 19
m1 2 19
m2 2 19
0 33 5
1 33 5
2 33 5
t 1394 0
m 2 19
m0 2 19
m1 2 19
m2 1 19
0 33 6
1 33 6
2 33 6
t 1393 0
m 2 19
m0 2 19
m1 2 19
m2 1 19
0 33 7
1 33 7
2 33 7
t 1392 0
m 1 19
m0 3 19
m1 1 19
m2 2 19
0 33 8
1 33 8
2 33 8
t 1391 0
m 1 19
m0 4 19
m1 1 19
m2 1 19
0 33 9
1 33 9
2 33 9
t 1390 0
m 0 19
m0 3 19
m1 2 19
m2 1 19
0 32 9
1 32 9
2 32 9
t 1389 0
m 1 19
m0 2 19
m1 3 19
m2 2 19
0 32 10
1 32 10
2 32 10
t 1388 0
m 2 19
m0 1 19
m1 3 19
m2 3 19
0 32 11
1 32 11
2 32 11
t 1387 0
m 2 19
m0 1 19
m1 2 19
m2 2 19
0 32 12
1 32 12
2 32 12
t 1386 0
m 1 19
m0 2 19
m1 2 19
m2 3 19
0 31 12
1 31 12
2 31 12
t 1385 0
m 2 19
m0 3 19
m1 3 19
m2 4 19
0 30 12
1 30 12
2 30 12
t 1384 0
m 2 19
m0 2 19
m1 3 19
m2 3 19
0 30 13
1 30 13
2 30 13
t 1383 0
m 1 19
m0 1 19
m1 2 19
m2 4 19
0 30 14
1 30 14
2 30 14
t 1382 0
m 1 19
m0 0 19
m1 3 19
m2 4 18
0 31 14
1 31 14
2 31 14
t 1381 0
m 2 19
m0 0 19
m1 3 19
m2 4 18
0 31 15
1 31 15
2 31 15
t 1380 0
m 1 19
m0 0 19
m1 3 19
m2 4 17
0 31 16
1 31 16
2 31 16
t 1379 0
m 1 19
m0 0 18
m1 3 19
m2 4 17
0 30 16
1 30 16
2 30 16
t 1378 0
m 0 19
m0 0 18
m1 2 19
m2 5 17
0 30 17
1 30 17
2 30 17
t 1377 0
m 1 19
m0 0 17
m1 2 19
m2 4 17
0 29 17
1 29 17
2 29 17
t 1376 0
m 0 19
m0 0 17
m1 1 19
m2 4 16
0 28 17
1 28 17
2 28 17
t 1375 0
m 1 19
m0 0 18
m1 2 19
m2 3 16
0 27 17
1 27 17
2 27 17
t 1374 0
m 0 19
m0 0 18
m1 2 19
m2 3 16
0 26 17
1 26 17
2 26 17
t 1373 0
m 0 18
m0 0 17
m1 1 19
m2 2 16
0 25 17
1 25 17
2 25 17
t 1372 0
m 0 18
m0 0 16
m1 0 19
m2 2 16
0 25 18
1 25 18
2 25 18
t 1371 0
m 0 19
m0 0 17
m1 0 18
m2 3 16
0 25 17
1 25 17
2 25 17
t 1370 0
m 1 19
m0 0 17
m1 0 17
m2 3 16
0 25 18
1 25 18
2 25 18
t 1369 0
m 2 19
m0 0 16
m1 0 17
m2 4 16
0 25 17
1 25 17
2 25 17
t 1368 0
m 1 19
m0 0 17
m1 0 18
m2 3 16
0 25 18
1 25 18
2 25 18
t 1367 0
m 1 19
m0 0 18
m1 0 18
m2 3 15
0 25 17
1 25 17
2 25 17
t 1366 6
m 2 19
m0 0 19
m1 0 18
m2 3 15
0 25 18
1 25 18
2 25 18
t 1365 6
m 1 19
m0 0 18
m1 0 17
m2 3 14
0 25 19
1 25 19
2 25 19
t 1364 6
m 2 19
m0 0 17
m1 0 18
m2 2 14
0 24 19
1 24 19
2 24 19
t 1363 6
m 3 19
m0 0 18
m1 0 17
m2 3 14
0 23 19
1 23 19
2 23 19
t 1362 6
m 3 19
m0 0 17
m1 0 18
m2 2 14
0 22 19
1 22 19
2 22 19
t 1361 6
m 3 19
m0 0 17
m1 0 17
m2 2 14
0 21 19
1 21 19
2 21 19
t 1360 6
m 2 19
m0 0 17
m1 0 18
m2 2 14
0 20 19
1 20 19
2 20 19
t 1359 6
m 1 19
m0 0 17
m1 0 17
m2 2 14
0 19 19
1 19 19
2 19 19
t 1358 6
m 1 19
m0 0 18
m1 0 16
m2 3 14
0 20 19
1 20 19
2 20 19
t 1357 6
m 2 19
m0 0 17
m1 0 15
m2 3 15
0 19 19
1 19 19
2 19 19
t 1356 6
m 3 19
m0 0 18
m1 0 16
m2 3 14
0 20 19
1 20 19
2 20 19
t 1355 6
m 2 19
m0 0 17
m1 1 16
m2 2 14
0 19 19
1 19 19
2 19 19
t 1354 6
m 2 19
m0 0 18
m1 0 16
m2 3 14
0 20 19
1 20 19
2 20 19
t 1353 6
m 1 19
m0 0 17
m1 0 16
m2 4 14
0 19 19
1 19 19
2 19 19
t 1352 6
m 0 19
m0 0 18
m1 0 16
m2 3 14
0 20 19
1 20 19
2 20 19
t 1351 6
m 1 19
m0 0 18
m1 0 15
m2 2 14
0 19 19
1 19 19
2 19 19
t 1350 6
m 1 19
m0 0 19
m1 0 16
m2 2 14
0 20 19
1 20 19
2 20 19
t 1349 6
m 1 19
m0 0 19
m1 0 17
m2 3 14
0 19 19
1 19 19
2 19 19
t 1348 6
m 2 19
m0 0 18
m1 0 17
m2 4 14
0 20 19
1 20 19
2 20 19
t 1347 6
m 2 19
m0 0 18
m1 0 17
m2 4 13
0 19 19
1 19 19
2 19 19
t 1346 6
m 2 19
m0 0 18
m1 0 16
m2 4 14
0 20 19
1 20 19
2 20 19
t 1345 6
m 1 19
m0 0 17
m1 0 15
m2 3 14
0 19 19
1 19 19
2 19 19
t 1344 6
m 0 19
m0 0 17
m1 0 14
m2 4 14
0 20 19
1 20 19
2 20 19
t 1343 6
m 1 19
m0 0 16
m1 1 14
m2 4 14
0 19 19
1 19 19
2 19 19
t 1342 6
m 0 19
m0 0 15
m1 2 14
m2 4 14
0 20 19
1 20 19
2 20 19
t 1341 6
m 0 18
m0 0 16
m1 1 14
m2 4 14
0 19 19
1 19 19
2 19 19
t 1340 6
m 0 19
m0 1 16
m1 1 14
m2 4 13
0 19 18
1 19 18
2 19 18
t 1339 6
m 0 18
m0 1 16
m1 2 14
m2 4 14
0 19 19
1 19 19
2 19 19
t 1338 6
m 0 19
m0 1 16
m1 3 14
m2 4 13
0 19 18
1 19 18
2 19 18
t 1337 6
m 1 19
m0 2 16
m1 2 14
m2 5 13
0 19 19
1 19 19
2 19 19
t 1336 6
m 1 19
m0 2 16
m1 3 14
m2 6 13
0 20 19
1 20 19
2 20 19
t 1335 13
m 1 19
m0 2 16
m1 4 14
m2 6 13
0 19 19
1 19 19
2 19 19
t 1334 13
m 2 19
m0 1 16
m1 4 14
m2 7 13
0 19 18
1 19 18
2 19 18
t 1333 13
m 1 19
m0 2 16
m1 3 14
m2 7 12
0 19 17
1 19 17
2 19 17
t 1332 13
m 2 19
m0 1 16
m1 3 14
m2 7 11
0 19 16
1 19 16
2 19 16
t 1331 13
m 1 19
m0 1 16
m1 3 15
m2 7 12
0 19 15
1 19 15
2 19 15
t 1330 13
m 1 19
m0 0 16
m1 3 16
m2 7 13
0 19 14
1 19 14
2 19 14
t 1329 13
m 1 19
m0 1 16
m1 2 16
m2 7 12
0 19 13
1 19 13
2 19 13
t 1328 13
m 1 19
m0 1 16
m1 3 16
m2 7 13
0 19 12
1 19 12
2 19 12
t 1327 13
m 1 19
m0 2 16
m1 3 15
m2 7 13
0 19 13
1 19 13
2 19 13
t 1326 13
m 1 19
m0 3 16
m1 3 16
m2 7 13
0 19 14
1 19 14
2 19 14
t 1325 13
m 0 19
m0 3 16
m1 4 16
m2 7 13
0 19 13
1 19 13
2 19 13
t 1324 13
m 1 19
m0 3 16
m1 4 17
m2 7 13
0 19 14
1 19 14
2 19 14
t 1323 13
m 0 19
m0 2 16
m1 5 17
m2 7 13
0 19 13
1 19 13
2 19 13
t 1322 13
m 1 19
m0 1 16
m1 4 17
m2 7 13
0 19 14
1 19 14
2 19 14
t 1321 13
m 2 19
m0 0 16
m1 4 18
m2 7 12
0 19 13
1 19 13
2 19 13
t 1320 13
m 3 19
m0 0 16
m1 4 17
m2 7 11
0 19 12
1 19 12
2 19 12
t 1319 13
m 4 19
m0 0 16
m1 4 17
m2 7 11
0 18 12
1 18 12
2 18 12
t 1318 13
m 4 18
m0 0 17
m1 4 18
m2 7 11
0 18 11
1 18 11
2 18 11
t 1317 13
m 4 17
m0 0 17
m1 4 18
m2 7 12
0 18 12
1 18 12
2 18 12
t 1316 13
m 4 16
m0 0 16
m1 4 17
m2 7 13
0 17 12
1 17 12
2 17 12
t 1315 13
m 4 16
m0 0 15
m1 4 18
m2 6 13
0 16 12
1 16 12
2 16 12
t 1314 13
m 4 17
m0 0 15
m1 4 17
m2 6 13
0 15 12
1 15 12
2 15 12
t 1313 13
m 5 17
m0 0 14
m1 4 18
m2 6 13
0 15 13
1 15 13
2 15 13
t 1312 13
m 6 17
m0 0 14
m1 4 19
m2 7 13
0 15 14
1 15 14
2 15 14
t 1311 13
m 5 17
m0 1 14
m1 5 19
m2 7 13
0 15 13
1 15 13
2 15 13
t 1310 13
m 5 17
m0 1 14
m1 6 19
m2 7 13
0 15 14
1 15 14
2 15 14
t 1309 13
m 5 17
m0 1 14
m1 6 19
m2 7 13
0 15 13
1 15 13
2 15 13
t 1308 13
m 6 17
m0 0 14
m1 6 19
m2 7 13
0 15 14
1 15 14
2 15 14
t 1307 13
m 7 17
m0 0 15
m1 7 19
m2 6 13
0 15 13
1 15 13
2 15 13
t 1306 13
m 8 17
m0 0 16
m1 8 19
m2 5 13
0 15 14
1 15 14
2 15 14
t 1305 13
m 8 17
m0 0 15
m1 8 19
m2 6 13
0 15 15
1 15 15
2 15 15
t 1304 13
m 9 17
m0 0 15
m1 8 19
m2 5 13
0 15 16
1 15 16
2 15 16
t 1303 20
m 9 18
m0 0 15
m1 9 19
m2 4 13
0 15 17
1 15 17
2 15 17
t 1302 20
m 9 18
m0 0 16
m1 10 19
m2 5 13
0 15 18
1 15 18
2 15 18
t 1301 20
m 9 18
m0 1 16
m1 11 19
m2 4 13
0 15 19
1 15 19
2 15 19
t 1300 20
m 9 19
m0 0 16
m1 12 19
m2 4 12
0 14 19
1 14 19
2 14 19
t 1299 20
m 10 19
m0 0 17
m1 12 19
m2 4 12
0 13 19
1 13 19
2 13 19
t 1298 20
m 11 19
m0 0 17
m1 13 19
m2 4 12
0 12 19
1 12 19
2 12 19
t 1297 20
m 12 19
m0 0 17
m1 13 19
m2 4 12
0 13 19
1 13 19
2 13 19
t 1296 20
m 12 19
m0 0 17
m1 13 19
m2 3 12
0 12 19
1 12 19
2 12 19
t 1295 20
m 12 19
m0 0 16
m1 13 19
m2 2 12
0 13 19
1 13 19
2 13 19
t 1294 20
m 12 19
m0 0 16
m1 13 19
m2 2 11
0 12 19
1 12 19
2 12 19
t 1293 20
m 12 19
m0 0 17
m1 13 19
m2 2 10
0 13 19
1 13 19
2 13 19
t 1292 20
m 12 19
m0 0 18
m1 13 19
m2 2 11
0 12 19
1 12 19
2 12 19
t 1291 20
m 12 19
m0 0 17
m1 13 19
m2 2 11
0 13 19
1 13 19
2 13 19
t 1290 20
m 12 19
m0 0 17
m1 13 19
m2 2 10
0 12 19
1 12 19
2 12 19
t 1289 20
m 12 19
m0 0 17
m1 13 19
m2 2 11
0 13 19
1 13 19
2 13 19
t 1288 20
m 12 19
m0 0 17
m1 13 19
m2 2 10
0 12 19
1 12 19
2 12 19
t 1287 20
m 12 19
m0 0 18
m1 13 19
m2 2 9
0 13 19
1 13 19
2 13 19
t 1286 20
m 12 19
m0 0 17
m1 13 19
m2 1 9
0 12 19
1 12 19
2 12 19
t 1285 20
m 12 19
m0 0 17
m1 13 19
m2 1 9
0 13 19
1 13 19
2 13 19
t 1284 20
m 12 19
m0 0 18
m1 13 19
m2 0 9
0 12 19
1 12 19
2 12 19
t 1283 20
m 12 19
m0 0 19
m1 13 19
m2 0 10
0 13 19
1 13 19
2 13 19
t 1282 20
m 12 19
m0 0 18
m1 13 19
m2 0 11
0 12 19
1 12 19
2 12 19
t 1281 20
m 12 19
m0 0 18
m1 13 19
m2 0 11
0 13 19
1 13 19
2 13 19
t 1280 20
m 12 19
m0 0 18
m1 13 19
m2 0 12
0 12 19
1 12 19
2 12 19
t 1279 20
m 12 19
m0 0 17
m1 13 19
m2 0 11
0 13 19
1 13 19
2 13 19
t 1278 20
m 12 19
m0 0 16
m1 13 19
m2 0 12
0 12 19
1 12 19
2 12 19
t 1277 20
m 12 19
m0 0 15
m1 13 19
m2 0 11
0 13 19
1 13 19
2 13 19
t 1276 20
m 12 19
m0 0 15
m1 13 19
m2 0 11
0 12 19
1 12 19
2 12 19
t 1275 20
m 12 19
m0 0 14
m1 13 19
m2 0 11
0 13 19
1 13 19
2 13 19
t 1274 20
m 12 19
m0 1 14
m1 13 19
m2 0 12
0 12 19
1 12 19
2 12 19
t 1273 20
m 12 19
m0 1 14
m1 13 19
m2 0 13
0 13 19
1 13 19
2 13 19
t 1272 20
m 12 19
m0 0 14
m1 13 19
m2 0 13
0 12 19
1 12 19
2 12 19
t 1271 20
m 12 19
m0 0 14
m1 13 19
m2 0 13
0 13 19
1 13 19
2 13 19
t 1270 20
m 12 19
m0 0 13
m1 13 19
m2 0 12
0 12 19
1 12 19
2 12 19
t 1269 20
m 12 19
m0 0 14
m1 13 19
m2 0 12
0 13 19
1 13 19
2 13 19
t 1268 20
m 12 19
m0 0 15
m1 13 19
m2 0 11
0 12 19
1 12 19
2 12 19
t 1267 20
m 12 19
m0 0 16
m1 13 19
m2 0 11
0 13 19
1 13 19
2 13 19
t 1266 20
m 12 19
m0 1 16
m1 13 19
m2 0 11
0 12 19
1 12 19
2 12 19
t 1265 20
m 12 19
m0 1 16
m1 13 19
m2 0 11
0 13 19
1 13 19
2 13 19
t 1264 20
m 12 19
m0 1 16
m1 13 19
m2 0 11
0 12 19
1 12 19
2 12 19
t 1263 20
m 12 19
m0 1 16
m1 13 19
m2 0 10
0 13 19
1 13 19
2 13 19
t 1262 20
m 12 19
m0 1 16
m1 13 19
m2 0 9
0 12 19
1 12 19
2 12 19
t 1261 20
m 12 19
m0 2 16
m1 13 19
m2 0 10
0 13 19
1 13 19
2 13 19
t 1260 20
m 12 19
m0 1 16
m1 13 19
m2 0 9
0 12 19
1 12 19
2 12 19
t 1259 20
m 12 19
m0 1 16
m1 13 19
m2 0 10
0 13 19
1 13 19
2 13 19
t 1258 20
m 12 19
m0 2 16
m1 13 19
m2 0 9
0 12 19
1 12 19
2 12 19
t 1257 20
m 12 19
m0 2 16
m1 13 19
m2 0 9
0 13 19
1 13 19
2 13 19
t 1256 20
m 12 19
m0 1 16
m1 13 19
m2 1 9
0 12 19
1 12 19
2 12 19
t 1255 20
m 12 19
m0 1 16
m1 13 19
m2 1 8
0 13 19
1 13 19
2 13 19
t 1254 26
m 12 19
m0 2 16
m1 13 19
m2 1 7
0 12 19
1 12 19
2 12 19
t 1253 26
m 12 19
m0 3 16
m1 13 19
m2 1 8
0 13 19
1 13 19
2 13 19
t 1252 26
m 12 19
m0 4 16
m1 13 19
m2 1 7
0 12 19
1 12 19
2 12 19
t 1251 26
m 12 19
m0 4 16
m1 13 19
m2 1 7
0 13 19
1 13 19
2 13 19
t 1250 26
m 12 19
m0 4 16
m1 13 19
m2 1 7
0 12 19
1 12 19
2 12 19
t 1249 26
m 12 19
m0 4 16
m1 13 19
m2 1 6
0 13 19
1 13 19
2 13 19
t 1248 26
m 12 19
m0 4 16
m1 13 19
m2 1 5
0 12 19
1 12 19
2 12 19
t 1247 26
m 12 19
m0 3 16
m1 13 19
m2 1 5
0 13 19
1 13 19
2 13 19
t 1246 26
m 12 19
m0 4 16
m1 13 19
m2 1 4
0 12 19
1 12 19
2 12 19
t 1245 26
m 12 19
m0 4 16
m1 13 19
m2 1 4
0 13 19
1 13 19
2 13 19
t 1244 26
m 12 19
m0 4 16
m1 13 19
m2 0 4
0 12 19
1 12 19
2 12 19
t 1243 26
m 12 19
m0 4 16
m1 13 19
m2 0 3
0 13 19
1 13 19
2 13 19
t 1242 26
m 12 19
m0 4 16
m1 13 19
m2 0 3
0 12 19
1 12 19
2 12 19
t 1241 26
m 12 19
m0 4 17
m1 13 19
m2 0 3
0 13 19
1 13 19
2 13 19
t 1240 26
m 12 19
m0 5 17
m1 13 19
m2 0 3
0 12 19
1 12 19
2 12 19
t 1239 26
m 12 19
m0 6 17
m1 13 19
m2 0 4
0 13 19
1 13 19
2 13 19
t 1238 26
m 12 19
m0 5 17
m1 13 19
m2 0 4
0 12 19
1 12 19
2 12 19
t 1237 26
m 12 19
m0 4 17
m1 13 19
m2 0 4
0 13 19
1 13 19
2 13 19
t 1236 26
m 12 19
m0 4 16
m1 13 19
m2 0 4
0 12 19
1 12 19
2 12 19
t 1235 26
m 12 19
m0 4 16
m1 13 19
m2 0 3
0 13 19
1 13 19
2 13 19
t 1234 26
m 12 19
m0 4 16
m1 13 19
m2 0 4
0 12 19
1 12 19
2 12 19
t 1233 26
m 12 19
m0 3 16
m1 13 19
m2 0 4
0 13 19
1 13 19
2 13 19
t 1232 26
m 12 19
m0 3 15
m1 13 19
m2 1 4
0 12 19
1 12 19
2 12 19
t 1231 26
m 12 19
m0 3 15
m1 13 19
m2 0 4
0 13 19
1 13 19
2 13 19
t 1230 26
m 12 19
m0 3 15
m1 13 19
m2 0 3
0 12 19
1 12 19
2 12 19
t 1229 26
m 12 19
m0 3 15
m1 13 19
m2 0 2
0 13 19
1 13 19
2 13 19
t 1228 26
m 12 19
m0 3 15
m1 13 19
m2 0 2
0 12 19
1 12 19
2 12 19
t 1227 26
m 12 19
m0 3 16
m1 13 19
m2 0 2
0 13 19
1 13 19
2 13 19
t 1226 26
m 12 19
m0 4 16
m1 13 19
m2 0 1
0 12 19
1 12 19
2 12 19
t 1225 26
m 12 19
m0 4 16
m1 13 19
m2 0 0
0 13 19
1 13 19
2 13 19
t 1224 33
m 12 19
m0 4 17
m1 13 19
m2 1 0
0 12 19
1 12 19
2 12 19
t 1223 33
m 12 19
m0 4 16
m1 13 19
m2 0 0
0 13 19
1 13 19
2 13 19
t 1222 33
m 12 19
m0 4 16
m1 13 19
m2 1 0
0 12 19
1 12 19
2 12 19
t 1221 33
m 12 19
m0 4 17
m1 13 19
m2 2 0
0 13 19
1 13 19
2 13 19
t 1220 33
m 12 19
m0 4 16
m1 13 19
m2 3 0
0 12 19
1 12 19
2 12 19
t 1219 33
m 12 19
m0 4 17
m1 13 19
m2 2 0
0 13 19
1 13 19
2 13 19
t 1218 33
m 12 19
m0 4 16
m1 13 19
m2 1 0
0 12 19
1 12 19
2 12 19
t 1217 33
m 12 19
m0 4 16
m1 13 19
m2 2 0
0 13 19
1 13 19
2 13 19
t 1216 33
m 12 19
m0 3 16
m1 13 19
m2 3 0
0 12 19
1 12 19
2 12 19
t 1215 33
m 12 19
m0 4 16
m1 13 19
m2 2 0
0 13 19
1 13 19
2 13 19
t 1214 33
m 12 19
m0 4 16
m1 13 19
m2 3 0
0 12 19
1 12 19
2 12 19
t 1213 33
m 12 19
m0 4 16
m1 13 19
m2 4 0
0 13 19
1 13 19
2 13 19
t 1212 33
m 12 19
m0 3 16
m1 13 19
m2 3 0
0 12 19
1 12 19
2 12 19
t 1211 33
m 12 19
m0 3 15
m1 13 19
m2 4 0
0 13 19
1 13 19
2 13 19
t 1210 33
m 12 19
m0 3 15
m1 13 19
m2 4 0
0 12 19
1 12 19
2 12 19
t 1209 33
m 12 19
m0 3 15
m1 13 19
m2 4 0
0 13 19
1 13 19
2 13 19
t 1208 33
m 12 19
m0 3 14
m1 13 19
m2 4 1
0 12 19
1 12 19
2 12 19
t 1207 33
m 12 19
m0 3 14
m1 13 19
m2 4 2
0 13 19
1 13 19
2 13 19
t 1206 33
m 12 19
m0 2 14
m1 13 19
m2 4 2
0 12 19
1 12 19
2 12 19
t 1205 33
m 12 19
m0 3 14
m1 13 19
m2 4 1
0 13 19
1 13 19
2 13 19
t 1204 33
m 12 19
m0 4 14
m1 13 19
m2 4 1
0 12 19
1 12 19
2 12 19
t 1203 33
m 12 19
m0 4 13
m1 13 19
m2 4 2
0 13 19
1 13 19
2 13 19
t 1202 33
m 12 19
m0 4 12
m1 13 19
m2 4 1
0 12 19
1 12 19
2 12 19
t 1201 33
m 12 19
m0 4 12
m1 13 19
m2 4 0
0 13 19
1 13 19
2 13 19
t 1200 33
m 12 19
m0 4 12
m1 13 19
m2 4 1
0 12 19
1 12 19
2 12 19
t 1199 33
m 12 19
m0 4 12
m1 13 19
m2 4 0
0 13 19
1 13 19
2 13 19
t 1198 33
m 12 19
m0 3 12
m1 13 19
m2 5 0
0 12 19
1 12 19
2 12 19
t 1197 33
m 12 19
m0 3 12
m1 13 19
m2 4 0
0 13 19
1 13 19
2 13 19
t 1196 33
m 12 19
m0 4 12
m1 13 19
m2 3 0
0 12 19
1 12 19
2 12 19
t 1195 33
m 12 19
m0 4 12
m1 13 19
m2 3 0
0 13 19
1 13 19
2 13 19
t 1194 33
m 12 19
m0 4 12
m1 13 19
m2 2 0
0 12 19
1 12 19
2 12 19
t 1193 33
m 12 19
m0 4 12
m1 13 19
m2 3 0
0 13 19
1 13 19
2 13 19
t 1192 33
m 12 19
m0 4 12
m1 13 19
m2 3 0
0 12 19
1 12 19
2 12 19
t 1191 33
m 12 19
m0 3 12
m1 13 19
m2 2 0
0 13 19
1 13 19
2 13 19
t 1190 33
m 12 19
m0 3 12
m1 13 19
m2 3 0
0 12 19
1 12 19
2 12 19
t 1189 33
m 12 19
m0 2 12
m1 13 19
m2 2 0
0 13 19
1 13 19
2 13 19
t 1188 33
m 12 19
m0 2 12
m1 13 19
m2 3 0
0 12 19
1 12 19
2 12 19
t 1187 33
m 12 19
m0 3 12
m1 13 19
m2 3 0
0 13 19
1 13 19
2 13 19
t 1186 33
m 12 19
m0 4 12
m1 13 19
m2 4 0
0 12 19
1 12 19
2 12 19
t 1185 33
m 12 19
m0 4 12
m1 13 19
m2 5 0
0 13 19
1 13 19
2 13 19
t 1184 33
m 12 19
m0 4 13
m1 13 19
m2 5 0
0 12 19
1 12 19
2 12 19
t 1183 33
m 12 19
m0 5 13
m1 13 19
m2 5 0
0 13 19
1 13 19
2 13 19
t 1182 33
m 12 19
m0 6 13
m1 13 19
m2 6 0
0 12 19
1 12 19
2 12 19
t 1181 33
m 12 19
m0 7 13
m1 13 19
m2 7 0
0 13 19
1 13 19
2 13 19
t 1180 33
m 12 19
m0 7 12
m1 13 19
m2 8 0
0 12 19
1 12 19
2 12 19
t 1179 33
m 12 19
m0 7 12
m1 13 19
m2 7 0
0 13 19
1 13 19
2 13 19
t 1178 33
m 12 19
m0 7 12
m1 13 19
m2 8 0
0 12 19
1 12 19
2 12 19
t 1177 33
m 12 19
m0 7 11
m1 13 19
m2 8 0
0 13 19
1 13 19
2 13 19
t 1176 33
m 12 19
m0 7 11
m1 13 19
m2 8 1
0 12 19
1 12 19
2 12 19
t 1175 33
m 12 19
m0 7 10
m1 13 19
m2 8 0
0 13 19
1 13 19
2 13 19
t 1174 33
m 12 19
m0 8 10
m1 13 19
m2 7 0
0 12 19
1 12 19
2 12 19
t 1173 33
m 12 19
m0 9 10
m1 13 19
m2 6 0
0 13 19
1 13 19
2 13 19
t 1172 33
m 12 19
m0 10 10
m1 13 19
m2 7 0
0 12 19
1 12 19
2 12 19
t 1171 33
m 12 19
m0 11 10
m1 13 19
m2 8 0
0 13 19
1 13 19
2 13 19
t 1170 33
m 12 19
m0 10 10
m1 13 19
m2 8 0
0 12 19
1 12 19
2 12 19
t 1169 33
m 12 19
m0 10 10
m1 13 19
m2 7 0
0 13 19
1 13 19
2 13 19
t 1168 33
m 12 19
m0 11 10
m1 13 19
m2 6 0
0 12 19
1 12 19
2 12 19
t 1167 33
m 12 19
m0 12 10
m1 13 19
m2 5 0
0 13 19
1 13 19
2 13 19
t 1166 33
m 12 19
m0 12 10
m1 13 19
m2 6 0
0 12 19
1 12 19
2 12 19
t 1165 33
m 12 19
m0 12 10
m1 13 19
m2 6 0
0 13 19
1 13 19
2 13 19
t 1164 33
m 12 19
m0 11 10
m1 13 19
m2 7 0
0 12 19
1 12 19
2 12 19
t 1163 33
m 12 19
m0 12 10
m1 13 19
m2 8 0
0 13 19
1 13 19
2 13 19
t 1162 33
m 12 19
m0 11 10
m1 13 19
m2 8 0
0 12 19
1 12 19
2 12 19
t 1161 33
m 12 19
m0 10 10
m1 13 19
m2 7 0
0 13 19
1 13 19
2 13 19
t 1160 33
m 12 19
m0 10 10
m1 13 19
m2 8 0
0 12 19
1 12 19
2 12 19
t 1159 33
m 12 19
m0 9 10
m1 13 19
m2 8 1
0 13 19
1 13 19
2 13 19
t 1158 33
m 12 19
m0 9 10
m1 13 19
m2 8 2
0 12 19
1 12 19
2 12 19
t 1157 33
m 12 19
m0 10 10
m1 13 19
m2 8 1
0 13 19
1 13 19
2 13 19
t 1156 33
m 12 19
m0 11 10
m1 13 19
m2 8 2
0 12 19
1 12 19
2 12 19
t 1155 33
m 12 19
m0 12 10
m1 13 19
m2 7 2
0 13 19
1 13 19
2 13 19
t 1154 33
m 12 19
m0 11 10
m1 13 19
m2 7 2
0 12 19
1 12 19
2 12 19
t 1153 33
m 12 19
m0 12 10
m1 13 19
m2 6 2
0 13 19
1 13 19
2 13 19
t 1152 33
m 12 19
m0 13 10
m1 13 19
m2 6 1
0 12 19
1 12 19
2 12 19
t 1151 33
m 12 19
m0 14 10
m1 13 19
m2 6 2
0 13 19
1 13 19
2 13 19
t 1150 33
m 12 19
m0 14 10
m1 13 19
m2 7 2
0 12 19
1 12 19
2 12 19
t 1149 33
m 12 19
m0 14 10
m1 13 19
m2 8 2
0 13 19
1 13 19
2 13 19
t 1148 33
m 12 19
m0 13 10
m1 13 19
m2 7 2
0 12 19
1 12 19
2 12 19
t 1147 33
m 12 19
m0 13 10
m1 13 19
m2 6 2
0 13 19
1 13 19
2 13 19
t 1146 33
m 12 19
m0 12 10
m1 13 19
m2 6 2
0 12 19
1 12 19
2 12 19
t 1145 33
m 12 19
m0 13 10
m1 13 19
m2 6 1
0 13 19
1 13 19
2 13 19
t 1144 33
m 12 19
m0 13 10
m1 13 19
m2 6 0
0 12 19
1 12 19
2 12 19
t 1143 33
m 12 19
m0 13 11
m1 13 19
m2 7 0
0 13 19
1 13 19
2 13 19
t 1142 40
m 12 19
m0 13 10
m1 13 19
m2 7 0
0 12 19
1 12 19
2 12 19
t 1141 40
m 12 19
m0 14 10
m1 13 19
m2 6 0
0 13 19
1 13 19
2 13 19
t 1140 40
m 12 19
m0 15 10
m1 13 19
m2 6 1
0 12 19
1 12 19
2 12 19
t 1139 40
m 12 19
m0 15 10
m1 13 19
m2 6 0
0 13 19
1 13 19
2 13 19
t 1138 40
m 12 19
m0 15 10
m1 13 19
m2 6 1
0 12 19
1 12 19
2 12 19
t 1137 40
m 12 19
m0 15 10
m1 13 19
m2 6 1
0 13 19
1 13 19
2 13 19
t 1136 40
m 12 19
m0 15 10
m1 13 19
m2 6 1
0 12 19
1 12 19
2 12 19
t 1135 40
m 12 19
m0 16 10
m1 13 19
m2 6 2
0 13 19
1 13 19
2 13 19
t 1134 40
m 12 19
m0 15 10
m1 13 19
m2 6 2
0 12 19
1 12 19
2 12 19
t 1133 40
m 12 19
m0 15 10
m1 13 19
m2 6 2
0 13 19
1 13 19
2 13 19
t 1132 40
m 12 19
m0 15 10
m1 13 19
m2 6 1
0 12 19
1 12 19
2 12 19
t 1131 40
m 12 19
m0 16 10
m1 13 19
m2 6 2
0 13 19
1 13 19
2 13 19
t 1130 40
m 12 19
m0 16 9
m1 13 19
m2 6 2
0 12 19
1 12 19
2 12 19
t 1129 40
m 12 19
m0 16 10
m1 13 19
m2 6 1
0 13 19
1 13 19
2 13 19
t 1128 40
m 12 19
m0 16 9
m1 13 19
m2 6 0
0 12 19
1 12 19
2 12 19
t 1127 40
m 12 19
m0 16 9
m1 13 19
m2 7 0
0 13 19
1 13 19
2 13 19
t 1126 40
m 12 19
m0 16 8
m1 13 19
m2 6 0
0 12 19
1 12 19
2 12 19
t 1125 40
m 12 19
m0 16 7
m1 13 19
m2 7 0
0 13 19
1 13 19
2 13 19
t 1124 40
m 12 19
m0 16 6
m1 13 19
m2 8 0
0 12 19
1 12 19
2 12 19
t 1123 40
m 12 19
m0 16 6
m1 13 19
m2 7 0
0 13 19
1 13 19
2 13 19
t 1122 40
m 12 19
m0 15 6
m1 13 19
m2 7 0
0 12 19
1 12 19
2 12 19
t 1121 46
m 12 19
m0 14 6
m1 13 19
m2 7 0
0 13 19
1 13 19
2 13 19
t 1120 46
m 12 19
m0 15 6
m1 13 19
m2 7 0
0 12 19
1 12 19
2 12 19
t 1119 46
m 12 19
m0 16 6
m1 13 19
m2 6 0
0 13 19
1 13 19
2 13 19
t 1118 46
m 12 19
m0 16 7
m1 13 19
m2 6 0
0 12 19
1 12 19
2 12 19
t 1117 46
m 12 19
m0 16 7
m1 13 19
m2 7 0
0 13 19
1 13 19
2 13 19
t 1116 46
m 12 19
m0 16 6
m1 13 19
m2 7 0
0 12 19
1 12 19
2 12 19
t 1115 46
m 12 19
m0 16 7
m1 13 19
m2 6 0
0 13 19
1 13 19
2 13 19
t 1114 46
m 12 19
m0 16 7
m1 13 19
m2 7 0
0 12 19
1 12 19
2 12 19
t 1113 46
m 12 19
m0 16 6
m1 13 19
m2 6 0
0 13 19
1 13 19
2 13 19
t 1112 46
m 12 19
m0 16 6
m1 13 19
m2 5 0
0 12 19
1 12 19
2 12 19
t 1111 46
m 12 19
m0 16 6
m1 13 19
m2 5 0
0 13 19
1 13 19
2 13 19
t 1110 46
m 12 19
m0 16 6
m1 13 19
m2 6 0
0 12 19
1 12 19
2 12 19
t 1109 46
m 12 19
m0 16 6
m1 13 19
m2 6 0
0 13 19
1 13 19
2 13 19
t 1108 46
m 12 19
m0 16 7
m1 13 19
m2 6 1
0 12 19
1 12 19
2 12 19
t 1107 46
m 12 19
m0 16 7
m1 13 19
m2 6 0
0 13 19
1 13 19
2 13 19
t 1106 46
m 12 19
m0 16 6
m1 13 19
m2 5 0
0 12 19
1 12 19
2 12 19
t 1105 46
m 12 19
m0 16 7
m1 13 19
m2 4 0
0 13 19
1 13 19
2 13 19
t 1104 46
m 12 19
m0 16 6
m1 13 19
m2 3 0
0 12 19
1 12 19
2 12 19
t 1103 46
m 12 19
m0 15 6
m1 13 19
m2 2 0
0 13 19
1 13 19
2 13 19
t 1102 46
m 12 19
m0 15 6
m1 13 19
m2 3 0
0 12 19
1 12 19
2 12 19
t 1101 46
m 12 19
m0 16 6
m1 13 19
m2 4 0
0 13 19
1 13 19
2 13 19
t 1100 46
m 12 19
m0 16 6
m1 13 19
m2 3 0
0 12 19
1 12 19
2 12 19
t 1099 46
m 12 19
m0 16 5
m1 13 19
m2 4 0
0 13 19
1 13 19
2 13 19
t 1098 46
m 12 19
m0 16 6
m1 13 19
m2 4 1
0 12 19
1 12 19
2 12 19
t 1097 46
m 12 19
m0 16 7
m1 13 19
m2 4 1
0 13 19
1 13 19
2 13 19
t 1096 46
m 12 19
m0 16 8
m1 13 19
m2 4 0
0 12 19
1 12 19
2 12 19
t 1095 46
m 12 19
m0 16 7
m1 13 19
m2 5 0
0 13 19
1 13 19
2 13 19
t 1094 46
m 12 19
m0 16 7
m1 13 19
m2 4 0
0 12 19
1 12 19
2 12 19
t 1093 46
m 12 19
m0 16 7
m1 13 19
m2 3 0
0 13 19
1 13 19
2 13 19
t 1092 46
m 12 19
m0 16 7
m1 13 19
m2 4 0
0 12 19
1 12 19
2 12 19
t 1091 46
m 12 19
m0 16 7
m1 13 19
m2 4 1
0 13 19
1 13 19
2 13 19
t 1090 46
m 12 19
m0 16 6
m1 13 19
m2 4 1
0 12 19
1 12 19
2 12 19
t 1089 46
m 12 19
m0 15 6
m1 13 19
m2 4 1
0 13 19
1 13 19
2 13 19
t 1088 46
m 12 19
m0 14 6
m1 13 19
m2 4 2
0 12 19
1 12 19
2 12 19
t 1087 46
m 12 19
m0 14 6
m1 13 19
m2 3 2
0 13 19
1 13 19
2 13 19
t 1086 46
m 12 19
m0 15 6
m1 13 19
m2 3 2
0 12 19
1 12 19
2 12 19
t 1085 46
m 12 19
m0 16 6
m1 13 19
m2 3 2
0 13 19
1 13 19
2 13 19
t 1084 46
m 12 19
m0 16 6
m1 13 19
m2 4 2
0 12 19
1 12 19
2 12 19
t 1083 46
m 12 19
m0 16 7
m1 13 19
m2 3 2
0 13 19
1 13 19
2 13 19
t 1082 46
m 12 19
m0 16 6
m1 13 19
m2 2 2
0 12 19
1 12 19
2 12 19
t 1081 46
m 12 19
m0 15 6
m1 13 19
m2 3 2
0 13 19
1 13 19
2 13 19
t 1080 46
m 12 19
m0 16 6
m1 13 19
m2 4 2
0 12 19
1 12 19
2 12 19
t 1079 46
m 12 19
m0 15 6
m1 13 19
m2 4 1
0 13 19
1 13 19
2 13 19
t 1078 46
m 12 19
m0 16 6
m1 13 19
m2 4 0
0 12 19
1 12 19
2 12 19
t 1077 46
m 12 19
m0 16 6
m1 13 19
m2 3 0
0 13 19
1 13 19
2 13 19
t 1076 46
m 12 19
m0 15 6
m1 13 19
m2 2 0
0 12 19
1 12 19
2 12 19
t 1075 46
m 12 19
m0 15 6
m1 13 19
m2 2 0
0 13 19
1 13 19
2 13 19
t 1074 46
m 12 19
m0 16 6
m1 13 19
m2 2 0
0 12 19
1 12 19
2 12 19
t 1073 46
m 12 19
m0 16 7
m1 13 19
m2 3 0
0 13 19
1 13 19
2 13 19
t 1072 46
m 12 19
m0 16 6
m1 13 19
m2 2 0
0 12 19
1 12 19
2 12 19
t 1071 46
m 12 19
m0 16 5
m1 13 19
m2 2 0
0 13 19
1 13 19
2 13 19
t 1070 46
m 12 19
m0 16 6
m1 13 19
m2 3 0
0 12 19
1 12 19
2 12 19
t 1069 46
m 12 19
m0 16 7
m1 13 19
m2 2 0
0 13 19
1 13 19
2 13 19
t 1068 46
m 12 19
m0 16 6
m1 13 19
m2 3 0
0 12 19
1 12 19
2 12 19
t 1067 46
m 12 19
m0 16 7
m1 13 19
m2 2 0
0 13 19
1 13 19
2 13 19
t 1066 46
m 12 19
m0 16 7
m1 13 19
m2 1 0
0 12 19
1 12 19
2 12 19
t 1065 46
m 12 19
m0 16 7
m1 13 19
m2 0 0
0 13 19
1 13 19
2 13 19
t 1064 46
m 12 19
m0 16 7
m1 13 19
m2 0 0
0 12 19
1 12 19
2 12 19
t 1063 46
m 12 19
m0 16 8
m1 13 19
m2 1 0
0 13 19
1 13 19
2 13 19
t 1062 46
m 12 19
m0 16 8
m1 13 19
m2 2 0
0 12 19
1 12 19
2 12 19
t 1061 46
m 12 19
m0 16 7
m1 13 19
m2 3 0
0 13 19
1 13 19
2 13 19
t 1060 46
m 12 19
m0 16 6
m1 13 19
m2 3 0
0 12 19
1 12 19
2 12 19
t 1059 46
m 12 19
m0 15 6
m1 13 19
m2 3 0
0 13 19
1 13 19
2 13 19
t 1058 46
m 12 19
m0 16 6
m1 13 19
m2 2 0
0 12 19
1 12 19
2 12 19
t 1057 46
m 12 19
m0 16 6
m1 13 19
m2 1 0
0 13 19
1 13 19
2 13 19
t 1056 46
m 12 19
m0 16 6
m1 13 19
m2 0 0
0 12 19
1 12 19
2 12 19
t 1055 46
m 12 19
m0 16 7
m1 13 19
m2 0 1
0 13 19
1 13 19
2 13 19
t 1054 46
m 12 19
m0 16 6
m1 13 19
m2 0 0
0 12 19
1 12 19
2 12 19
t 1053 46
m 12 19
m0 16 6
m1 13 19
m2 1 0
0 13 19
1 13 19
2 13 19
t 1052 46
m 12 19
m0 16 6
m1 13 19
m2 2 0
0 12 19
1 12 19
2 12 19
t 1051 46
m 12 19
m0 16 7
m1 13 19
m2 2 0
0 13 19
1 13 19
2 13 19
t 1050 46
m 12 19
m0 16 6
m1 13 19
m2 3 0
0 12 19
1 12 19
2 12 19
t 1049 46
m 12 19
m0 16 6
m1 13 19
m2 3 0
0 13 19
1 13 19
2 13 19
t 1048 46
m 12 19
m0 16 7
m1 13 19
m2 4 0
0 12 19
1 12 19
2 12 19
t 1047 46
m 12 19
m0 16 7
m1 13 19
m2 4 1
0 13 19
1 13 19
2 13 19
t 1046 46
m 12 19
m0 16 7
m1 13 19
m2 4 2
0 12 19
1 12 19
2 12 19
t 1045 46
m 12 19
m0 16 7
m1 13 19
m2 3 2
0 13 19
1 13 19
2 13 19
t 1044 46
m 12 19
m0 16 6
m1 13 19
m2 3 2
0 12 19
1 12 19
2 12 19
t 1043 46
m 12 19
m0 15 6
m1 13 19
m2 3 2
0 13 19
1 13 19
2 13 19
t 1042 46
m 12 19
m0 14 6
m1 13 19
m2 3 2
0 12 19
1 12 19
2 12 19
t 1041 46
m 12 19
m0 13 6
m1 13 19
m2 2 2
0 13 19
1 13 19
2 13 19
t 1040 46
m 12 19
m0 14 6
m1 13 19
m2 2 3
0 12 19
1 12 19
2 12 19
t 1039 46
m 12 19
m0 14 6
m1 13 19
m2 2 3
0 13 19
1 13 19
2 13 19
t 1038 46
m 12 19
m0 14 6
m1 13 19
m2 2 2
0 12 19
1 12 19
2 12 19
t 1037 46
m 12 19
m0 15 6
m1 13 19
m2 3 2
0 13 19
1 13 19
2 13 19
t 1036 46
m 12 19
m0 15 6
m1 13 19
m2 3 2
0 12 19
1 12 19
2 12 19
t 1035 46
m 12 19
m0 15 5
m1 13 19
m2 2 2
0 13 19
1 13 19
2 13 19
t 1034 46
m 12 19
m0 15 6
m1 13 19
m2 2 3
0 12 19
1 12 19
2 12 19
t 1033 46
m 12 19
m0 16 6
m1 13 19
m2 2 4
0 13 19
1 13 19
2 13 19
t 1032 46
m 12 19
m0 16 6
m1 13 19
m2 2 3
0 12 19
1 12 19
2 12 19
t 1031 46
m 12 19
m0 16 6
m1 13 19
m2 2 3
0 13 19
1 13 19
2 13 19
t 1030 46
m 12 19
m0 16 7
m1 13 19
m2 2 3
0 12 19
1 12 19
2 12 19
t 1029 46
m 12 19
m0 16 7
m1 13 19
m2 2 2
0 13 19
1 13 19
2 13 19
t 1028 46
m 12 19
m0 16 7
m1 13 19
m2 3 2
0 12 19
1 12 19
2 12 19
t 1027 46
m 12 19
m0 16 7
m1 13 19
m2 3 2
0 13 19
1 13 19
2 13 19
t 1026 46
m 12 19
m0 16 6
m1 13 19
m2 2 2
0 12 19
1 12 19
2 12 19
t 1025 46
m 12 19
m0 16 6
m1 13 19
m2 2 2
0 13 19
1 13 19
2 13 19
t 1024 46
m 12 19
m0 16 7
m1 13 19
m2 2 3
0 12 19
1 12 19
2 12 19
t 1023 46
m 12 19
m0 16 6
m1 13 19
m2 2 4
0 13 19
1 13 19
2 13 19
t 1022 46
m 12 19
m0 16 6
m1 13 19
m2 2 3
0 12 19
1 12 19
2 12 19
t 1021 46
m 12 19
m0 16 6
m1 13 19
m2 2 3
0 13 19
1 13 19
2 13 19
t 1020 46
m 12 19
m0 16 5
m1 13 19
m2 2 3
0 12 19
1 12 19
2 12 19
t 1019 46
m 12 19
m0 17 5
m1 13 19
m2 2 4
0 13 19
1 13 19
2 13 19
t 1018 46
m 12 19
m0 18 5
m1 13 19
m2 1 4
0 12 19
1 12 19
2 12 19
t 1017 46
m 12 19
m0 19 5
m1 13 19
m2 2 4
0 13 19
1 13 19
2 13 19
t 1016 46
m 12 19
m0 19 6
m1 13 19
m2 2 4
0 12 19
1 12 19
2 12 19
t 1015 53
m 12 19
m0 18 6
m1 13 19
m2 2 4
0 13 19
1 13 19
2 13 19
t 1014 53
m 12 19
m0 18 5
m1 13 19
m2 2 4
0 12 19
1 12 19
2 12 19
t 1013 53
m 12 19
m0 17 5
m1 13 19
m2 2 4
0 13 19
1 13 19
2 13 19
t 1012 53
m 12 19
m0 17 5
m1 13 19
m2 1 4
0 12 19
1 12 19
2 12 19
t 1011 53
m 12 19
m0 17 5
m1 13 19
m2 2 4
0 13 19
1 13 19
2 13 19
t 1010 53
m 12 19
m0 17 5
m1 13 19
m2 1 4
0 12 19
1 12 19
2 12 19
t 1009 53
m 12 19
m0 17 5
m1 13 19
m2 1 5
0 13 19
1 13 19
2 13 19
t 1008 53
m 12 19
m0 18 5
m1 13 19
m2 1 5
0 12 19
1 12 19
2 12 19
t 1007 53
m 12 19
m0 17 5
m1 13 19
m2 1 4
0 13 19
1 13 19
2 13 19
t 1006 53
m 12 19
m0 17 5
m1 13 19
m2 1 4
0 12 19
1 12 19
2 12 19
t 1005 53
m 12 19
m0 16 5
m1 13 19
m2 0 4
0 13 19
1 13 19
2 13 19
t 1004 53
m 12 19
m0 17 5
m1 13 19
m2 1 4
0 12 19
1 12 19
2 12 19
t 1003 53
m 12 19
m0 18 5
m1 13 19
m2 0 4
0 13 19
1 13 19
2 13 19
t 1002 53
m 12 19
m0 17 5
m1 13 19
m2 0 3
0 12 19
1 12 19
2 12 19
t 1001 53
m 12 19
m0 17 5
m1 13 19
m2 0 4
0 13 19
1 13 19
2 13 19
t 1000 53
m 12 19
m0 17 5
m1 13 19
m2 1 4
0 12 19
1 12 19
2 12 19
t 999 53
m 12 19
m0 18 5
m1 13 19
m2 1 5
0 13 19
1 13 19
2 13 19
t 998 53
m 12 19
m0 17 5
m1 13 19
m2 1 4
0 12 19
1 12 19
2 12 19
t 997 53
m 12 19
m0 16 5
m1 13 19
m2 1 5
0 13 19
1 13 19
2 13 19
t 996 53
m 12 19
m0 17 5
m1 13 19
m2 1 5
0 12 19
1 12 19
2 12 19
t 995 53
m 12 19
m0 17 5
m1 13 19
m2 1 4
0 13 19
1 13 19
2 13 19
t 994 53
m 12 19
m0 17 5
m1 13 19
m2 1 4
0 12 19
1 12 19
2 12 19
t 993 53
m 12 19
m0 16 5
m1 13 19
m2 2 4
0 13 19
1 13 19
2 13 19
t 992 53
m 12 19
m0 17 5
m1 13 19
m2 2 3
0 12 19
1 12 19
2 12 19
t 991 53
m 12 19
m0 18 5
m1 13 19
m2 2 3
0 13 19
1 13 19
2 13 19
t 990 53
m 12 19
m0 17 5
m1 13 19
m2 2 2
0 12 19
1 12 19
2 12 19
t 989 53
m 12 19
m0 16 5
m1 13 19
m2 3 2
0 13 19
1 13 19
2 13 19
t 988 53
m 12 19
m0 16 5
m1 13 19
m2 4 2
0 12 19
1 12 19
2 12 19
t 987 53
m 12 19
m0 17 5
m1 13 19
m2 4 2
0 13 19
1 13 19
2 13 19
t 986 53
m 12 19
m0 17 5
m1 13 19
m2 4 1
0 12 19
1 12 19
2 12 19
t 985 53
m 12 19
m0 17 5
m1 13 19
m2 4 2
0 13 19
1 13 19
2 13 19
t 984 53
m 12 19
m0 17 5
m1 13 19
m2 4 1
0 12 19
1 12 19
2 12 19
t 983 53
m 12 19
m0 16 5
m1 13 19
m2 4 1
0 13 19
1 13 19
2 13 19
t 982 53
m 12 19
m0 16 5
m1 13 19
m2 4 0
0 12 19
1 12 19
2 12 19
t 981 53
m 12 19
m0 16 5
m1 13 19
m2 4 0
0 13 19
1 13 19
2 13 19
t 980 53
m 12 19
m0 17 5
m1 13 19
m2 4 0
0 12 19
1 12 19
2 12 19
t 979 53
m 12 19
m0 16 5
m1 13 19
m2 5 0
0 13 19
1 13 19
2 13 19
t 978 53
m 12 19
m0 16 5
m1 13 19
m2 5 0
0 12 19
1 12 19
2 12 19
t 977 53
m 12 19
m0 17 5
m1 13 19
m2 5 0
0 13 19
1 13 19
2 13 19
t 976 53
m 12 19
m0 17 5
m1 13 19
m2 6 0
0 12 19
1 12 19
2 12 19
t 975 53
m 12 19
m0 17 5
m1 13 19
m2 5 0
0 13 19
1 13 19
2 13 19
t 974 53
m 12 19
m0 17 5
m1 13 19
m2 5 0
0 12 19
1 12 19
2 12 19
t 973 53
m 12 19
m0 17 5
m1 13 19
m2 5 0
0 13 19
1 13 19
2 13 19
t 972 53
m 12 19
m0 16 5
m1 13 19
m2 6 0
0 12 19
1 12 19
2 12 19
t 971 53
m 12 19
m0 15 5
m1 13 19
m2 7 0
0 13 19
1 13 19
2 13 19
t 970 53
m 12 19
m0 15 6
m1 13 19
m2 7 0
0 12 19
1 12 19
2 12 19
t 969 53
m 12 19
m0 15 6
m1 13 19
m2 8 0
0 13 19
1 13 19
2 13 19
t 968 53
m 12 19
m0 15 6
m1 13 19
m2 8 1
0 12 19
1 12 19
2 12 19
t 967 53
m 12 19
m0 16 6
m1 13 19
m2 8 1
0 13 19
1 13 19
2 13 19
t 966 53
m 12 19
m0 16 7
m1 13 19
m2 8 0
0 12 19
1 12 19
2 12 19
t 965 53
m 12 19
m0 16 6
m1 13 19
m2 8 0
0 13 19
1 13 19
2 13 19
t 964 53
m 12 19
m0 16 6
m1 13 19
m2 7 0
0 12 19
1 12 19
2 12 19
t 963 53
m 12 19
m0 16 7
m1 13 19
m2 8 0
0 13 19
1 13 19
2 13 19
t 962 53
m 12 19
m0 16 7
m1 13 19
m2 7 0
0 12 19
1 12 19
2 12 19
t 961 53
m 12 19
m0 16 8
m1 13 19
m2 7 0
0 13 19
1 13 19
2 13 19
t 960 53
m 12 19
m0 16 7
m1 13 19
m2 7 0
0 12 19
1 12 19
2 12 19
t 959 53
m 12 19
m0 16 6
m1 13 19
m2 7 0
0 13 19
1 13 19
2 13 19
t 958 53
m 12 19
m0 16 6
m1 13 19
m2 7 0
0 12 19
1 12 19
2 12 19
t 957 53
m 12 19
m0 16 6
m1 13 19
m2 8 0
0 13 19
1 13 19
2 13 19
t 956 53
m 12 19
m0 16 5
m1 13 19
m2 7 0
0 12 19
1 12 19
2 12 19
t 955 53
m 12 19
m0 15 5
m1 13 19
m2 8 0
0 13 19
1 13 19
2 13 19
t 954 53
m 12 19
m0 16 5
m1 13 19
m2 8 1
0 12 19
1 12 19
2 12 19
t 953 53
m 12 19
m0 17 5
m1 13 19
m2 8 2
0 13 19
1 13 19
2 13 19
t 952 53
m 12 19
m0 18 5
m1 13 19
m2 7 2
0 12 19
1 12 19
2 12 19
t 951 53
m 12 19
m0 17 5
m1 13 19
m2 8 2
0 13 19
1 13 19
2 13 19
t 950 53
m 12 19
m0 17 5
m1 13 19
m2 8 1
0 12 19
1 12 19
2 12 19
t 949 53
m 12 19
m0 16 5
m1 13 19
m2 9 1
0 13 19
1 13 19
2 13 19
t 948 53
m 12 19
m0 16 5
m1 13 19
m2 10 1
0 12 19
1 12 19
2 12 19
t 947 53
m 12 19
m0 15 5
m1 13 19
m2 10 1
0 13 19
1 13 19
2 13 19
t 946 53
m 12 19
m0 15 6
m1 13 19
m2 10 1
0 12 19
1 12 19
2 12 19
t 945 53
m 12 19
m0 15 6
m1 13 19
m2 11 1
0 13 19
1 13 19
2 13 19
t 944 53
m 12 19
m0 16 6
m1 13 19
m2 12 1
0 12 19
1 12 19
2 12 19
t 943 53
m 12 19
m0 16 6
m1 13 19
m2 11 1
0 13 19
1 13 19
2 13 19
t 942 53
m 12 19
m0 16 5
m1 13 19
m2 12 1
0 12 19
1 12 19
2 12 19
t 941 53
m 12 19
m0 17 5
m1 13 19
m2 12 0
0 13 19
1 13 19
2 13 19
t 940 53
m 12 19
m0 17 5
m1 13 19
m2 13 0
0 12 19
1 12 19
2 12 19
t 939 53
m 12 19
m0 18 5
m1 13 19
m2 14 0
0 13 19
1 13 19
2 13 19
t 938 53
m 12 19
m0 17 5
m1 13 19
m2 15 0
0 12 19
1 12 19
2 12 19
t 937 53
m 12 19
m0 18 5
m1 13 19
m2 16 0
0 13 19
1 13 19
2 13 19
t 936 53
m 12 19
m0 18 6
m1 13 19
m2 16 0
0 12 19
1 12 19
2 12 19
t 935 53
m 12 19
m0 18 7
m1 13 19
m2 17 0
0 13 19
1 13 19
2 13 19
t 934 60
m 12 19
m0 18 8
m1 13 19
m2 17 0
0 12 19
1 12 19
2 12 19
t 933 60
m 12 19
m0 18 8
m1 13 19
m2 17 0
0 13 19
1 13 19
2 13 19
t 932 60
m 12 19
m0 18 8
m1 13 19
m2 17 0
0 12 19
1 12 19
2 12 19
t 931 60
m 12 19
m0 18 9
m1 13 19
m2 18 0
0 13 19
1 13 19
2 13 19
t 930 60
m 12 19
m0 18 10
m1 13 19
m2 19 0
0 12 19
1 12 19
2 12 19
t 929 60
m 12 19
m0 18 10
m1 13 19
m2 19 0
0 13 19
1 13 19
2 13 19
t 928 60
m 12 19
m0 19 10
m1 13 19
m2 19 1
0 12 19
1 12 19
2 12 19
t 927 60
m 12 19
m0 20 10
m1 13 19
m2 19 1
0 13 19
1 13 19
2 13 19
t 926 60
m 12 19
m0 20 10
m1 13 19
m2 19 0
0 12 19
1 12 19
2 12 19
t 925 60
m 12 19
m0 21 10
m1 13 19
m2 18 0
0 13 19
1 13 19
2 13 19
t 924 60
m 12 19
m0 20 10
m1 13 19
m2 17 0
0 12 19
1 12 19
2 12 19
t 923 60
m 12 19
m0 21 10
m1 13 19
m2 16 0
0 13 19
1 13 19
2 13 19
t 922 60
m 12 19
m0 21 10
m1 13 19
m2 17 0
0 12 19
1 12 19
2 12 19
t 921 60
m 12 19
m0 21 10
m1 13 19
m2 18 0
0 13 19
1 13 19
2 13 19
t 920 60
m 12 19
m0 21 11
m1 13 19
m2 19 0
0 12 19
1 12 19
2 12 19
t 919 60
m 12 19
m0 21 11
m1 13 19
m2 19 0
0 13 19
1 13 19
2 13 19
t 918 60
m 12 19
m0 21 12
m1 13 19
m2 19 1
0 12 19
1 12 19
2 12 19
t 917 60
m 12 19
m0 21 12
m1 13 19
m2 19 2
0 13 19
1 13 19
2 13 19
t 916 70
m 12 19
m0 21 13
m1 13 19
m2 19 2
0 12 19
1 12 19
2 12 19
t 915 76
m 12 19
m0 21 14
m1 13 19
m2 19 2
0 13 19
1 13 19
2 13 19
t 914 76
m 12 19
m0 21 13
m1 13 19
m2 19 1
0 12 19
1 12 19
2 12 19
t 913 76
m 12 19
m0 21 13
m1 13 19
m2 19 1
0 13 19
1 13 19
2 13 19
t 912 76
m 12 19
m0 21 14
m1 13 19
m2 19 1
0 12 19
1 12 19
2 12 19
t 911 76
m 12 19
m0 21 13
m1 13 19
m2 19 2
0 13 19
1 13 19
2 13 19
t 910 76
m 12 19
m0 21 13
m1 13 19
m2 19 1
0 12 19
1 12 19
2 12 19
t 909 76
m 12 19
m0 21 12
m1 13 19
m2 19 2
0 13 19
1 13 19
2 13 19
t 908 76
m 12 19
m0 21 12
m1 13 19
m2 19 1
0 12 19
1 12 19
2 12 19
t 907 76
m 12 19
m0 20 12
m1 13 19
m2 19 2
0 13 19
1 13 19
2 13 19
f 19 0
t 906 76
m 12 19
m0 19 12
m1 13 19
m2 19 3
0 12 19
1 12 19
2 12 19
t 905 76
m 12 19
m0 19 13
m1 13 19
m2 19 2
0 13 19
1 13 19
2 13 19
t 904 76
m 12 19
m0 19 14
m1 13 19
m2 19 3
0 12 19
1 12 19
2 12 19
t 903 76
m 12 19
m0 19 15
m1 13 19
m2 19 3
0 13 19
1 13 19
2 13 19
t 902 76
m 12 19
m0 19 15
m1 13 19
m2 19 4
0 12 19
1 12 19
2 12 19
t 901 76
m 12 19
m0 19 16
m1 13 19
m2 19 3
0 13 19
1 13 19
2 13 19
t 900 76
m 12 19
m0 19 17
m1 13 19
m2 19 3
0 12 19
1 12 19
2 12 19
t 899 76
m 12 19
m0 19 18
m1 13 19
m2 19 4
0 13 19
1 13 19
2 13 19
t 898 76
m 12 19
m0 19 18
m1 13 19
m2 19 4
0 12 19
1 12 19
2 12 19
t 897 76
m 12 19
m0 19 17
m1 13 19
m2 19 3
0 13 19
1 13 19
2 13 19
t 896 76
m 12 19
m0 19 18
m1 13 19
m2 19 4
0 12 19
1 12 19
2 12 19
t 895 76
m 12 19
m0 19 19
m1 13 19
m2 19 3
0 13 19
1 13 19
2 13 19
t 894 76
m 12 19
m0 20 19
m1 13 19
m2 19 2
0 12 19
1 12 19
2 12 19
t 893 76
m 12 19
m0 20 19
m1 13 19
m2 19 1
0 13 19
1 13 19
2 13 19
t 892 76
m 12 19
m0 20 19
m1 13 19
m2 19 2
0 12 19
1 12 19
2 12 19
t 891 76
m 12 19
m0 20 19
m1 13 19
m2 19 2
0 13 19
1 13 19
2 13 19
t 890 76
m 12 19
m0 20 19
m1 13 19
m2 19 1
0 12 19
1 12 19
2 12 19
t 889 76
m 12 19
m0 20 19
m1 13 19
m2 19 1
0 13 19
1 13 19
2 13 19
t 888 76
m 12 19
m0 20 19
m1 13 19
m2 19 1
0 12 19
1 12 19
2 12 19
t 887 76
m 12 19
m0 20 19
m1 13 19
m2 19 0
0 13 19
1 13 19
2 13 19
t 886 86
m 12 19
m0 20 19
m1 13 19
m2 19 0
0 12 19
1 12 19
2 12 19
t 885 86
m 12 19
m0 20 19
m1 13 19
m2 19 1
0 13 19
1 13 19
2 13 19
t 884 86
m 12 19
m0 19 19
m1 13 19
m2 19 0
0 12 19
1 12 19
2 12 19
t 883 86
m 12 19
m0 20 19
m1 13 19
m2 19 0
0 13 19
1 13 19
2 13 19
t 882 86
m 12 19
m0 21 19
m1 13 19
m2 18 0
0 12 19
1 12 19
2 12 19
t 881 86
m 12 19
m0 20 19
m1 13 19
m2 17 0
0 13 19
1 13 19
2 13 19
f 15 15
t 880 86
m 12 19
m0 21 19
m1 13 19
m2 18 0
0 12 19
1 12 19
2 12 19
t 879 86
m 12 19
m0 21 19
m1 13 19
m2 18 0
0 13 19
1 13 19
2 13 19
t 878 86
m 12 19
m0 22 19
m1 13 19
m2 17 0
0 12 19
1 12 19
2 12 19
t 877 86
m 12 19
m0 22 19
m1 13 19
m2 16 0
0 13 19
1 13 19
2 13 19
t 876 86
m 12 19
m0 23 19
m1 13 19
m2 16 0
0 12 19
1 12 19
2 12 19
t 875 86
m 12 19
m0 23 19
m1 13 19
m2 17 0
0 13 19
1 13 19
2 13 19
t 874 86
m 12 19
m0 24 19
m1 13 19
m2 18 0
0 12 19
1 12 19
2 12 19
t 873 93
m 12 19
m0 25 19
m1 13 19
m2 17 0
0 13 19
1 13 19
2 13 19
t 872 93
m 12 19
m0 24 19
m1 13 19
m2 17 0
0 12 19
1 12 19
2 12 19
t 871 93
m 12 19
m0 25 19
m1 13 19
m2 18 0
0 13 19
1 13 19
2 13 19
t 870 93
m 12 19
m0 25 19
m1 13 19
m2 18 0
0 12 19
1 12 19
2 12 19
t 869 93
m 12 19
m0 26 19
m1 13 19
m2 19 0
0 13 19
1 13 19
2 13 19
t 868 93
m 12 19
m0 27 19
m1 13 19
m2 19 1
0 12 19
1 12 19
2 12 19
t 867 100
m 12 19
m0 27 19
m1 13 19
m2 19 2
0 13 19
1 13 19
2 13 19
t 866 100
m 12 19
m0 27 18
m1 13 19
m2 19 1
0 12 19
1 12 19
2 12 19
t 865 100
m 12 19
m0 27 18
m1 13 19
m2 19 1
0 13 19
1 13 19
2 13 19
t 864 100
m 12 19
m0 27 18
m1 13 19
m2 19 2
0 12 19
1 12 19
2 12 19
t 863 100
m 12 19
m0 27 19
m1 13 19
m2 19 2
0 13 19
1 13 19
2 13 19
t 862 100
m 12 19
m0 26 19
m1 13 19
m2 19 2
0 12 19
1 12 19
2 12 19
t 861 100
m 12 19
m0 27 19
m1 13 19
m2 19 3
0 13 19
1 13 19
2 13 19
t 860 100
m 12 19
m0 28 19
m1 13 19
m2 19 2
0 12 19
1 12 19
2 12 19
t 859 100
m 12 19
m0 29 19
m1 13 19
m2 19 2
0 13 19
1 13 19
2 13 19
t 858 100
m 12 19
m0 30 19
m1 13 19
m2 19 2
0 12 19
1 12 19
2 12 19
t 857 106
m 12 19
m0 30 19
m1 13 19
m2 19 1
0 13 19
1 13 19
2 13 19
t 856 106
m 12 19
m0 31 19
m1 13 19
m2 19 0
0 12 19
1 12 19
2 12 19
t 855 106
m 12 19
m0 32 19
m1 13 19
m2 20 0
0 13 19
1 13 19
2 13 19
t 854 106
m 12 19
m0 33 19
m1 13 19
m2 20 0
0 12 19
1 12 19
2 12 19
t 853 106
m 12 19
m0 33 19
m1 13 19
m2 20 0
0 13 19
1 13 19
2 13 19
t 852 106
m 12 19
m0 33 19
m1 13 19
m2 21 0
0 12 19
1 12 19
2 12 19
t 851 106
m 12 19
m0 33 19
m1 13 19
m2 22 0
0 13 19
1 13 19
2 13 19
t 850 106
m 12 19
m0 33 19
m1 13 19
m2 22 0
0 12 19
1 12 19
2 12 19
t 849 106
m 12 19
m0 34 19
m1 13 19
m2 21 0
0 13 19
1 13 19
2 13 19
t 848 106
m 12 19
m0 34 18
m1 13 19
m2 21 0
0 12 19
1 12 19
2 12 19
t 847 106
m 12 19
m0 34 17
m1 13 19
m2 22 0
0 13 19
1 13 19
2 13 19
t 846 106
m 12 19
m0 34 17
m1 13 19
m2 21 0
0 12 19
1 12 19
2 12 19
t 845 106
m 12 19
m0 34 18
m1 13 19
m2 22 0
0 13 19
1 13 19
2 13 19
t 844 106
m 12 19
m0 34 18
m1 13 19
m2 22 1
0 12 19
1 12 19
2 12 19
t 843 106
m 12 19
m0 34 17
m1 13 19
m2 23 1
0 13 19
1 13 19
2 13 19
t 842 106
m 12 19
m0 34 18
m1 13 19
m2 23 1
0 12 19
1 12 19
2 12 19
t 841 106
m 12 19
m0 34 19
m1 13 19
m2 24 1
0 13 19
1 13 19
2 13 19
t 840 106
m 12 19
m0 33 19
m1 13 19
m2 25 1
0 12 19
1 12 19
2 12 19
t 839 106
m 12 19
m0 33 19
m1 13 19
m2 24 1
0 13 19
1 13 19
2 13 19
t 838 106
m 12 19
m0 33 19
m1 13 19
m2 24 1
0 12 19
1 12 19
2 12 19
t 837 106
m 12 19
m0 32 19
m1 13 19
m2 25 1
0 13 19
1 13 19
2 13 19
t 836 106
m 12 19
m0 31 19
m1 13 19
m2 26 1
0 12 19
1 12 19
2 12 19
t 835 106
m 12 19
m0 31 19
m1 13 19
m2 26 2
0 13 19
1 13 19
2 13 19
t 834 106
m 12 19
m0 30 19
m1 13 19
m2 27 2
0 12 19
1 12 19
2 12 19
t 833 106
m 12 19
m0 30 19
m1 13 19
m2 28 2
0 13 19
1 13 19
2 13 19
t 832 106
m 12 19
m0 31 19
m1 13 19
m2 28 1
0 12 19
1 12 19
2 12 19
t 831 106
m 12 19
m0 32 19
m1 13 19
m2 28 0
0 13 19
1 13 19
2 13 19
t 830 106
m 12 19
m0 33 19
m1 13 19
m2 29 0
0 12 19
1 12 19
2 12 19
t 829 106
m 12 19
m0 34 19
m1 13 19
m2 30 0
0 13 19
1 13 19
2 13 19
t 828 106
m 12 19
m0 34 18
m1 13 19
m2 31 0
0 12 19
1 12 19
2 12 19
t 827 106
m 12 19
m0 34 19
m1 13 19
m2 31 0
0 13 19
1 13 19
2 13 19
t 826 106
m 12 19
m0 34 18
m1 13 19
m2 32 0
0 12 19
1 12 19
2 12 19
t 825 106
m 12 19
m0 34 18
m1 13 19
m2 33 0
0 13 19
1 13 19
2 13 19
t 824 106
m 12 19
m0 34 18
m1 13 19
m2 34 0
0 12 19
1 12 19
2 12 19
t 823 106
m 12 19
m0 34 18
m1 13 19
m2 33 0
0 13 19
1 13 19
2 13 19
t 822 106
m 12 19
m0 34 19
m1 13 19
m2 34 0
0 12 19
1 12 19
2 12 19
t 821 106
m 12 19
m0 34 19
m1 13 19
m2 34 1
0 13 19
1 13 19
2 13 19
t 820 106
m 12 19
m0 34 18
m1 13 19
m2 34 1
0 12 19
1 12 19
2 12 19
t 819 106
m 12 19
m0 34 18
m1 13 19
m2 34 1
0 13 19
1 13 19
2 13 19
t 818 106
m 12 19
m0 34 19
m1 13 19
m2 34 2
0 12 19
1 12 19
2 12 19
t 817 106
m 12 19
m0 34 19
m1 13 19
m2 34 1
0 13 19
1 13 19
2 13 19
t 816 106
m 12 19
m0 33 19
m1 13 19
m2 34 1
0 12 19
1 12 19
2 12 19
t 815 106
m 12 19
m0 33 19
m1 13 19
m2 34 2
0 13 19
1 13 19
2 13 19
t 814 106
m 12 19
m0 33 19
m1 13 19
m2 34 1
0 12 19
1 12 19
2 12 19
t 813 106
m 12 19
m0 33 19
m1 13 19
m2 34 1
0 13 19
1 13 19
2 13 19
t 812 106
m 12 19
m0 34 19
m1 13 19
m2 34 1
0 12 19
1 12 19
2 12 19
t 811 106
m 12 19
m0 34 19
m1 13 19
m2 34 1
0 13 19
1 13 19
2 13 19
t 810 106
m 12 19
m0 33 19
m1 13 19
m2 34 1
0 12 19
1 12 19
2 12 19
t 809 106
m 12 19
m0 34 19
m1 13 19
m2 34 0
0 13 19
1 13 19
2 13 19
t 808 106
m 12 19
m0 34 19
m1 13 19
m2 34 1
0 12 19
1 12 19
2 12 19
t 807 106
m 12 19
m0 34 19
m1 13 19
m2 34 2
0 13 19
1 13 19
2 13 19
t 806 106
m 12 19
m0 33 19
m1 13 19
m2 34 2
0 12 19
1 12 19
2 12 19
t 805 106
m 12 19
m0 32 19
m1 13 19
m2 34 2
0 13 19
1 13 19
2 13 19
t 804 106
m 12 19
m0 33 19
m1 13 19
m2 34 1
0 12 19
1 12 19
2 12 19
t 803 106
m 12 19
m0 34 19
m1 13 19
m2 34 0
0 13 19
1 13 19
2 13 19
t 802 106
m 12 19
m0 34 18
m1 13 19
m2 33 0
0 12 19
1 12 19
2 12 19
t 801 106
m 12 19
m0 34 17
m1 13 19
m2 32 0
0 13 19
1 13 19
2 13 19
t 800 106
m 12 19
m0 34 17
m1 13 19
m2 32 0
0 12 19
1 12 19
2 12 19
t 799 106
m 12 19
m0 34 16
m1 13 19
m2 33 0
0 13 19
1 13 19
2 13 19
t 798 113
m 12 19
m0 34 15
m1 13 19
m2 33 0
0 12 19
1 12 19
2 12 19
t 797 113
m 12 19
m0 34 14
m1 13 19
m2 32 0
0 13 19
1 13 19
2 13 19
t 796 113
m 12 19
m0 33 14
m1 13 19
m2 33 0
0 12 19
1 12 19
2 12 19
t 795 113
m 12 19
m0 32 14
m1 13 19
m2 34 0
0 13 19
1 13 19
2 13 19
t 794 113
m 12 19
m0 33 14
m1 13 19
m2 34 1
0 12 19
1 12 19
2 12 19
t 793 113
m 12 19
m0 33 14
m1 13 19
m2 34 1
0 13 19
1 13 19
2 13 19
t 792 113
m 12 19
m0 32 14
m1 13 19
m2 34 2
0 12 19
1 12 19
2 12 19
t 791 113
m 12 19
m0 33 14
m1 13 19
m2 34 3
0 13 19
1 13 19
2 13 19
t 790 113
m 12 19
m0 33 14
m1 13 19
m2 34 3
0 12 19
1 12 19
2 12 19
t 789 113
m 12 19
m0 34 14
m1 13 19
m2 34 2
0 13 19
1 13 19
2 13 19
t 788 113
m 12 19
m0 33 14
m1 13 19
m2 34 2
0 12 19
1 12 19
2 12 19
t 787 113
m 12 19
m0 32 14
m1 13 19
m2 34 1
0 13 19
1 13 19
2 13 19
t 786 113
m 12 19
m0 33 14
m1 13 19
m2 34 2
0 12 19
1 12 19
2 12 19
t 785 113
m 12 19
m0 32 14
m1 13 19
m2 34 3
0 13 19
1 13 19
2 13 19
t 784 113
m 12 19
m0 33 14
m1 13 19
m2 34 3
0 12 19
1 12 19
2 12 19
t 783 113
m 12 19
m0 33 14
m1 13 19
m2 34 2
0 13 19
1 13 19
2 13 19
t 782 113
m 12 19
m0 33 14
m1 13 19
m2 34 1
0 12 19
1 12 19
2 12 19
t 781 113
m 12 19
m0 34 14
m1 13 19
m2 34 1
0 13 19
1 13 19
2 13 19
t 780 113
m 12 19
m0 34 13
m1 13 19
m2 34 0
0 12 19
1 12 19
2 12 19
t 779 113
m 12 19
m0 34 12
m1 13 19
m2 34 0
0 13 19
1 13 19
2 13 19
t 778 113
m 12 19
m0 34 12
m1 13 19
m2 34 0
0 12 19
1 12 19
2 12 19
t 777 113
m 12 19
m0 34 11
m1 13 19
m2 34 0
0 13 19
1 13 19
2 13 19
t 776 113
m 12 19
m0 34 11
m1 13 19
m2 33 0
0 12 19
1 12 19
2 12 19
t 775 113
m 12 19
m0 34 10
m1 13 19
m2 33 0
0 13 19
1 13 19
2 13 19
t 774 113
m 12 19
m0 34 9
m1 13 19
m2 32 0
0 12 19
1 12 19
2 12 19
t 773 113
m 12 19
m0 34 9
m1 13 19
m2 32 0
0 13 19
1 13 19
2 13 19
t 772 113
m 12 19
m0 34 9
m1 13 19
m2 31 0
0 12 19
1 12 19
2 12 19
t 771 113
m 12 19
m0 33 9
m1 13 19
m2 31 0
0 13 19
1 13 19
2 13 19
t 770 113
m 12 19
m0 34 9
m1 13 19
m2 31 0
0 12 19
1 12 19
2 12 19
t 769 113
m 12 19
m0 34 10
m1 13 19
m2 32 0
0 13 19
1 13 19
2 13 19
t 768 113
m 12 19
m0 34 10
m1 13 19
m2 32 0
0 12 19
1 12 19
2 12 19
t 767 113
m 12 19
m0 34 9
m1 13 19
m2 33 0
0 13 19
1 13 19
2 13 19
t 766 113
m 12 19
m0 33 9
m1 13 19
m2 32 0
0 12 19
1 12 19
2 12 19
t 765 113
m 12 19
m0 33 9
m1 13 19
m2 31 0
0 13 19
1 13 19
2 13 19
t 764 113
m 12 19
m0 33 8
m1 13 19
m2 31 0
0 12 19
1 12 19
2 12 19
t 763 113
m 12 19
m0 33 7
m1 13 19
m2 32 0
0 13 19
1 13 19
2 13 19
t 762 113
m 12 19
m0 33 7
m1 13 19
m2 32 0
0 12 19
1 12 19
2 12 19
t 761 113
m 12 19
m0 33 7
m1 13 19
m2 33 0
0 13 19
1 13 19
2 13 19
t 760 113
m 12 19
m0 33 8
m1 13 19
m2 33 0
0 12 19
1 12 19
2 12 19
t 759 113
m 12 19
m0 33 7
m1 13 19
m2 32 0
0 13 19
1 13 19
2 13 19
t 758 113
m 12 19
m0 33 8
m1 13 19
m2 31 0
0 12 19
1 12 19
2 12 19
t 757 113
m 12 19
m0 33 8
m1 13 19
m2 32 0
0 13 19
1 13 19
2 13 19
t 756 113
m 12 19
m0 33 8
m1 13 19
m2 31 0
0 12 19
1 12 19
2 12 19
t 755 113
m 12 19
m0 33 8
m1 13 19
m2 30 0
0 13 19
1 13 19
2 13 19
t 754 113
m 12 19
m0 33 8
m1 13 19
m2 30 0
0 12 19
1 12 19
2 12 19
t 753 113
m 12 19
m0 33 9
m1 13 19
m2 31 0
0 13 19
1 13 19
2 13 19
t 752 113
m 12 19
m0 34 9
m1 13 19
m2 32 0
0 12 19
1 12 19
2 12 19
t 751 113
m 12 19
m0 33 9
m1 13 19
m2 33 0
0 13 19
1 13 19
2 13 19
t 750 113
m 12 19
m0 34 9
m1 13 19
m2 34 0
0 12 19
1 12 19
2 12 19
t 749 113
m 12 19
m0 34 9
m1 13 19
m2 33 0
0 13 19
1 13 19
2 13 19
t 748 113
m 12 19
m0 33 9
m1 13 19
m2 33 0
0 12 19
1 12 19
2 12 19
t 747 113
m 12 19
m0 33 8
m1 13 19
m2 33 0
0 13 19
1 13 19
2 13 19
t 746 113
m 12 19
m0 33 9
m1 13 19
m2 33 0
0 12 19
1 12 19
2 12 19
t 745 113
m 12 19
m0 33 8
m1 13 19
m2 34 0
0 13 19
1 13 19
2 13 19
t 744 113
m 12 19
m0 33 7
m1 13 19
m2 34 0
0 12 19
1 12 19
2 12 19
t 743 113
m 12 19
m0 33 6
m1 13 19
m2 34 0
0 13 19
1 13 19
2 13 19
t 742 113
m 12 19
m0 33 6
m1 13 19
m2 34 1
0 12 19
1 12 19
2 12 19
t 741 113
m 12 19
m0 33 5
m1 13 19
m2 34 2
0 13 19
1 13 19
2 13 19
t 740 113
m 12 19
m0 33 6
m1 13 19
m2 34 2
0 12 19
1 12 19
2 12 19
t 739 113
m 12 19
m0 33 7
m1 13 19
m2 34 3
0 13 19
1 13 19
2 13 19
t 738 113
m 12 19
m0 33 7
m1 13 19
m2 34 4
0 12 19
1 12 19
2 12 19
t 737 113
m 12 19
m0 33 6
m1 13 19
m2 33 4
0 13 19
1 13 19
2 13 19
t 736 172
